15 0.06953125 0.6166666666666667 0.1203125 0.1875
14 0.925 0.4479166666666667 0.071875 0.16458333333333333
0 0.0625 0.5166666666666667 0.1171875 0.19166666666666668
6 0.54296875 0.3572916666666667 0.0203125 0.022916666666666665
9 0.97734375 0.440625 0.040625 0.11041666666666666
1 0.8296875 0.4625 0.0625 0.14375
9 0.890625 0.48125 0.0625 0.175
12 0.4734375 0.36041666666666666 0.05625 0.13541666666666666
15 0.5421875 0.4239583333333333 0.0859375 0.16666666666666666
10 0.45625 0.284375 0.0421875 0.08541666666666667
6 0.04609375 0.5479166666666667 0.0296875 0.04583333333333333
14 0.1359375 0.47708333333333336 0.0453125 0.14166666666666666
14 0.184375 0.4864583333333333 0.0609375 0.16875
14 0.72734375 0.5083333333333333 0.0625 0.17291666666666666
0 0.54140625 0.31354166666666666 0.0984375 0.12083333333333333
15 0.2203125 0.6916666666666667 0.203125 0.21041666666666667
12 0.23984375 0.509375 0.065625 0.20833333333333334
6 0.13671875 0.6072916666666667 0.0296875 0.041666666666666664
6 0.17578125 0.609375 0.0453125 0.04791666666666667
17 0.59453125 0.8197916666666667 0.8078125 0.36041666666666666