10 0.4203125 0.7791666666666667 0.159375 0.35
3 0.48125 0.4552083333333333 0.4125 0.38125
3 0.8453125 0.584375 0.303125 0.49375
0 0.7859375 0.8052083333333333 0.3875 0.3854166666666667
12 0.25546875 0.5958333333333333 0.0671875 0.18958333333333333
4 0.10625 0.36041666666666666 0.0375 0.11666666666666667
0 0.02578125 0.37395833333333334 0.0515625 0.13541666666666666
3 0.61171875 0.23645833333333333 0.0921875 0.09791666666666667
10 0.05859375 0.36354166666666665 0.0359375 0.10833333333333334
3 0.23203125 0.340625 0.2265625 0.25625
4 0.38671875 0.2125 0.075 0.05
6 0.409375 0.671875 0.0421875 0.06458333333333334
6 0.37109375 0.6354166666666666 0.0359375 0.052083333333333336
7 0.1765625 0.415625 0.021875 0.022916666666666665