0 0.41015625 0.41770833333333335 0.1046875 0.18125
0 0.26953125 0.37916666666666665 0.0671875 0.13333333333333333
0 0.78828125 0.725 0.2953125 0.35625
4 0.12421875 0.31145833333333334 0.0796875 0.08541666666666667
4 0.31015625 0.29270833333333335 0.0734375 0.07708333333333334
12 0.64375 0.575 0.0625 0.19166666666666668
3 0.80390625 0.54375 0.3859375 0.5125
15 0.34765625 0.34375 0.0328125 0.1
12 0.47578125 0.44895833333333335 0.0359375 0.14375
4 0.1390625 0.39791666666666664 0.14375 0.17916666666666667
4 0.36875 0.24895833333333334 0.0625 0.06875
4 0.1921875 0.3229166666666667 0.0625 0.10833333333333334
12 0.50703125 0.5229166666666667 0.0546875 0.1875
0 0.1890625 0.23020833333333332 0.028125 0.05625
3 0.57109375 0.2791666666666667 0.115625 0.19791666666666666
4 0.25 0.2552083333333333 0.06875 0.05625
8 0.2578125 0.7364583333333333 0.4578125 0.5270833333333333
4 0.29921875 0.559375 0.196875 0.23333333333333334
6 0.34296875 0.30625 0.0140625 0.020833333333333332
0 0.5328125 0.43020833333333336 0.06875 0.2125