0 0.6953125 0.3854166666666667 0.0671875 0.13541666666666666
0 0.08203125 0.6322916666666667 0.1328125 0.24375
8 0.6484375 0.309375 0.06875 0.13125
3 0.29921875 0.5479166666666667 0.3546875 0.4625
4 0.9171875 0.4479166666666667 0.125 0.15416666666666667
4 0.95703125 0.38645833333333335 0.0796875 0.09375
4 0.2515625 0.9364583333333333 0.3046875 0.12291666666666666
4 0.8265625 0.35 0.125 0.14166666666666666
4 0.875 0.771875 0.25 0.45625
0 0.9671875 0.6302083333333334 0.0625 0.26875
4 0.80625 0.25625 0.075 0.05
4 0.896875 0.31666666666666665 0.084375 0.0625
12 0.79375 0.38645833333333335 0.04375 0.09375
4 0.74375 0.19895833333333332 0.059375 0.03125
12 0.425 0.2635416666666667 0.03125 0.06458333333333334
4 0.72890625 0.23645833333333333 0.0515625 0.04791666666666667
15 0.7671875 0.4864583333333333 0.05 0.15208333333333332
7 0.23984375 0.7375 0.0453125 0.027083333333333334
7 0.96953125 0.9677083333333333 0.059375 0.035416666666666666
6 0.76796875 0.421875 0.015625 0.01875