0 0.803125 0.740625 0.3 0.36875
0 0.27421875 0.3875 0.0703125 0.15
4 0.11796875 0.31145833333333334 0.0796875 0.08541666666666667
0 0.4078125 0.41770833333333335 0.103125 0.18125
4 0.1875 0.3302083333333333 0.0625 0.11458333333333333
12 0.52421875 0.5114583333333333 0.0484375 0.18125
3 0.8046875 0.5375 0.390625 0.5041666666666667
4 0.30390625 0.2989583333333333 0.0765625 0.08125
12 0.475 0.44895833333333335 0.0375 0.14375
4 0.36015625 0.25416666666666665 0.0640625 0.075
4 0.12890625 0.4114583333333333 0.1421875 0.19375
15 0.34375 0.35520833333333335 0.0375 0.09375
8 0.3125 0.7541666666666667 0.496875 0.49166666666666664
3 0.5671875 0.28229166666666666 0.115625 0.19375
0 0.53203125 0.41041666666666665 0.06875 0.17708333333333334
4 0.3125 0.5625 0.221875 0.21875
7 0.10078125 0.4822916666666667 0.028125 0.014583333333333334