0 0.08046875 0.6802083333333333 0.1484375 0.34791666666666665
4 0.13125 0.4354166666666667 0.125 0.17916666666666667
4 0.11171875 0.3375 0.0890625 0.1
0 0.65625 0.6822916666666666 0.24375 0.38958333333333334
3 0.52890625 0.384375 0.3703125 0.29791666666666666
4 0.33125 0.6604166666666667 0.2625 0.3458333333333333
3 0.85390625 0.5833333333333334 0.2921875 0.51875
0 0.271875 0.38333333333333336 0.090625 0.1625
4 0.315625 0.23125 0.0703125 0.05416666666666667
3 0.59453125 0.23541666666666666 0.0859375 0.08333333333333333
0 0.0515625 0.2791666666666667 0.090625 0.0875
0 0.21640625 0.2552083333333333 0.0640625 0.06875
12 0.8859375 0.55625 0.0375 0.07083333333333333
7 0.3875 0.7739583333333333 0.0625 0.03333333333333333
7 0.13125 0.5083333333333333 0.0359375 0.01875