0 0.27890625 0.39791666666666664 0.0765625 0.1625
4 0.18125 0.34270833333333334 0.06875 0.12291666666666666
4 0.1125 0.31875 0.075 0.0875
4 0.2390625 0.25625 0.078125 0.0625
4 0.121875 0.43125 0.14375 0.2125
0 0.41015625 0.4166666666666667 0.1046875 0.1875
3 0.80234375 0.5427083333333333 0.3953125 0.5166666666666667
0 0.825 0.7583333333333333 0.3015625 0.39791666666666664
4 0.34140625 0.25 0.0765625 0.075
12 0.53125 0.5104166666666666 0.05 0.1875
15 0.34296875 0.36041666666666666 0.0390625 0.10416666666666667
12 0.475 0.44895833333333335 0.040625 0.14375
0 0.19140625 0.234375 0.0265625 0.05625
12 0.68046875 0.6 0.0578125 0.1875
3 0.571875 0.28125 0.115625 0.20625
12 0.95390625 0.3302083333333333 0.0234375 0.06041666666666667
8 0.38046875 0.7729166666666667 0.5484375 0.45416666666666666
7 0.096875 0.503125 0.028125 0.0125