4 0.84921875 0.375 0.0578125 0.08125
15 0.96796875 0.49895833333333334 0.034375 0.09791666666666667
6 0.390625 0.5989583333333334 0.0265625 0.03333333333333333
15 0.3859375 0.8927083333333333 0.14375 0.1875
3 0.61796875 0.48020833333333335 0.215625 0.35208333333333336
15 0.034375 0.690625 0.06875 0.14375
10 0.8515625 0.44583333333333336 0.0359375 0.0875
15 0.8578125 0.5270833333333333 0.04375 0.125
6 0.009375 0.6322916666666667 0.01875 0.03125
4 0.840625 0.3 0.0390625 0.052083333333333336
15 0.9203125 0.46145833333333336 0.028125 0.09166666666666666
0 0.7109375 0.29375 0.028125 0.052083333333333336
12 0.0640625 0.46770833333333334 0.0296875 0.06875
15 0.415625 0.6572916666666667 0.1 0.15208333333333332
4 0.8828125 0.7666666666666667 0.14375 0.33541666666666664
12 0.290625 0.41458333333333336 0.028125 0.06875
6 0.9734375 0.46145833333333336 0.0109375 0.01875
6 0.36015625 0.8208333333333333 0.0359375 0.041666666666666664
10 0.9140625 0.3885416666666667 0.0234375 0.06666666666666667
15 0.90625 0.30625 0.0171875 0.03125
6 0.4171875 0.5864583333333333 0.028125 0.03125
10 0.96015625 0.38125 0.028125 0.058333333333333334
4 0.2234375 0.47291666666666665 0.134375 0.10625
7 0.58359375 0.59375 0.025 0.025
7 0.87890625 0.9052083333333333 0.0421875 0.020833333333333332
7 0.86015625 0.54375 0.0109375 0.008333333333333333
0 0.453125 0.5114583333333333 0.109375 0.15625
18 0.359375 0.509375 0.0875 0.13125
18 0.496875 0.3854166666666667 0.0625 0.07291666666666667
6 0.8609375 0.4739583333333333 0.0125 0.020833333333333332
6 0.925 0.42291666666666666 0.0078125 0.016666666666666666
6 0.85546875 0.415625 0.009375 0.014583333333333334
6 0.91640625 0.3614583333333333 0.0078125 0.010416666666666666
6 0.9609375 0.36354166666666665 0.0078125 0.008333333333333333