0 0.28203125 0.40520833333333334 0.0796875 0.17708333333333334
4 0.11171875 0.44375 0.1453125 0.22916666666666666
0 0.409375 0.41770833333333335 0.10625 0.19375
4 0.23046875 0.2604166666666667 0.0828125 0.0625
15 0.3375 0.36354166666666665 0.03125 0.10208333333333333
12 0.70390625 0.6104166666666667 0.0609375 0.2125
3 0.80390625 0.5322916666666667 0.3890625 0.5083333333333333
12 0.5375 0.49895833333333334 0.04375 0.18125
0 0.8421875 0.753125 0.2984375 0.3770833333333333
4 0.33125 0.25416666666666665 0.0703125 0.06875
12 0.46953125 0.45 0.0328125 0.14166666666666666
8 0.43125 0.7927083333333333 0.55 0.41458333333333336
3 0.56953125 0.27395833333333336 0.1125 0.18541666666666667