4 0.1484375 0.5364583333333334 0.15 0.2520833333333333
0 0.18671875 0.2677083333333333 0.0734375 0.07708333333333334
4 0.29921875 0.259375 0.0796875 0.06875
2 0.87265625 0.8729166666666667 0.1921875 0.25
12 0.61953125 0.565625 0.0484375 0.18125
2 0.5671875 0.690625 0.165625 0.27708333333333335
12 0.425 0.27395833333333336 0.01875 0.05625
10 0.2 0.31666666666666665 0.0625 0.08333333333333333
3 0.8 0.54375 0.3984375 0.525
0 0.52421875 0.43125 0.1 0.21041666666666667
12 0.70546875 0.6239583333333333 0.0640625 0.20625
15 0.1171875 0.2989583333333333 0.03125 0.07708333333333334
3 0.5984375 0.26875 0.0953125 0.15208333333333332
12 0.0703125 0.278125 0.03125 0.06458333333333334
7 0.15859375 0.609375 0.0453125 0.020833333333333332