0 0.80625 0.7479166666666667 0.2984375 0.39166666666666666
0 0.27421875 0.3875 0.0703125 0.15
4 0.11796875 0.31145833333333334 0.0765625 0.08541666666666667
0 0.4078125 0.41875 0.103125 0.18333333333333332
4 0.1875 0.33645833333333336 0.0625 0.11875
4 0.246875 0.2552083333333333 0.078125 0.05625
12 0.525 0.5114583333333333 0.05 0.18125
12 0.47578125 0.44895833333333335 0.0390625 0.14375
3 0.80234375 0.5302083333333333 0.390625 0.5
4 0.3015625 0.2989583333333333 0.078125 0.08125
15 0.34296875 0.35625 0.0390625 0.09583333333333334
4 0.35703125 0.25 0.0640625 0.075
4 0.12578125 0.41354166666666664 0.1421875 0.19791666666666666
8 0.31640625 0.7541666666666667 0.4984375 0.48333333333333334
12 0.67265625 0.59375 0.0453125 0.1875
3 0.56953125 0.278125 0.1125 0.1875