15 0.33046875 0.8385416666666666 0.1453125 0.3104166666666667
0 0.70625 0.68125 0.265625 0.3625
12 0.41171875 0.3854166666666667 0.0296875 0.12083333333333333
3 0.94921875 0.6104166666666667 0.1015625 0.39791666666666664
0 0.31953125 0.3229166666666667 0.0703125 0.1125
12 0.76875 0.4427083333333333 0.040625 0.13125
4 0.125 0.5791666666666667 0.1875 0.30416666666666664
0 0.12421875 0.275 0.0828125 0.08333333333333333
12 0.49140625 0.3541666666666667 0.0359375 0.10833333333333334
12 0.4859375 0.7354166666666667 0.075 0.2125
9 0.82421875 0.46979166666666666 0.0546875 0.06875
12 0.56953125 0.3854166666666667 0.0265625 0.1125
12 0.4609375 0.47604166666666664 0.03125 0.16666666666666666
12 0.45078125 0.37395833333333334 0.0296875 0.10208333333333333
0 0.2171875 0.22916666666666666 0.03125 0.05416666666666667
15 0.8796875 0.4635416666666667 0.0875 0.14375
12 0.93828125 0.46145833333333336 0.0265625 0.11875
6 0.32109375 0.7166666666666667 0.0421875 0.06666666666666667
0 0.68125 0.43854166666666666 0.1 0.17916666666666667
0 0.5453125 0.34270833333333334 0.046875 0.12083333333333333
7 0.1421875 0.6770833333333334 0.05625 0.027083333333333334