0 0.5765625 0.6052083333333333 0.225 0.30625
0 0.3953125 0.40625 0.1 0.18333333333333332
4 0.15703125 0.28020833333333334 0.0609375 0.07291666666666667
3 0.80703125 0.5458333333333333 0.3828125 0.5229166666666667
12 0.125 0.4864583333333333 0.03125 0.15208333333333332
12 0.85390625 0.7114583333333333 0.0640625 0.25625
12 0.0703125 0.4666666666666667 0.028125 0.15
8 0.021875 0.515625 0.04375 0.3645833333333333
4 0.225 0.2625 0.0484375 0.07083333333333333
0 0.37734375 0.8364583333333333 0.4265625 0.32083333333333336
4 0.36015625 0.2604166666666667 0.0546875 0.06666666666666667
12 0.46875 0.4479166666666667 0.0375 0.1375
4 0.22890625 0.44166666666666665 0.1203125 0.175
3 0.571875 0.2791666666666667 0.125 0.17291666666666666
12 0.23671875 0.51875 0.0703125 0.17916666666666667
0 0.53203125 0.39479166666666665 0.075 0.14583333333333334
0 0.265625 0.33541666666666664 0.0484375 0.11041666666666666