10 0.6125 0.6541666666666667 0.0578125 0.17916666666666667
0 0.58125 0.4083333333333333 0.0390625 0.07083333333333333
10 0.2640625 0.3625 0.0234375 0.03958333333333333
0 0.53125 0.3875 0.03125 0.058333333333333334
9 0.91171875 0.559375 0.0609375 0.06666666666666667
0 0.3203125 0.3875 0.03125 0.06041666666666667
10 0.5296875 0.46458333333333335 0.0265625 0.08125
4 0.09453125 0.46041666666666664 0.0921875 0.075
10 0.45234375 0.396875 0.01875 0.05416666666666667
0 0.2234375 0.46458333333333335 0.0546875 0.10625
12 0.16875 0.4375 0.0171875 0.07291666666666667
0 0.47890625 0.36875 0.025 0.04375
4 0.0234375 0.503125 0.046875 0.10625
12 0.1921875 0.41875 0.0140625 0.05
4 0.971875 0.6458333333333334 0.0546875 0.15625
14 0.73359375 0.471875 0.0453125 0.052083333333333336
0 0.4578125 0.49166666666666664 0.0546875 0.12708333333333333
2 0.57734375 0.46145833333333336 0.0234375 0.0875
12 0.06796875 0.5145833333333333 0.01875 0.08958333333333333
12 0.0515625 0.534375 0.0203125 0.05416666666666667
2 0.365625 0.41041666666666665 0.0171875 0.07083333333333333
4 0.1765625 0.3854166666666667 0.0453125 0.041666666666666664
14 0.88046875 0.5302083333333333 0.0234375 0.075
14 0.70546875 0.434375 0.04375 0.03958333333333333