0 0.5328125 0.39166666666666666 0.03125 0.06458333333333334
10 0.70625 0.85625 0.0890625 0.27708333333333335
0 0.2421875 0.44166666666666665 0.046875 0.09375
0 0.46875 0.525 0.0640625 0.16041666666666668
10 0.5796875 0.5291666666666667 0.0390625 0.11458333333333333
10 0.2640625 0.3625 0.021875 0.0375
0 0.5890625 0.42291666666666666 0.04375 0.08333333333333333
4 0.09375 0.46041666666666664 0.0875 0.075
9 0.9140625 0.5625 0.053125 0.075
10 0.4640625 0.41875 0.021875 0.06458333333333334
0 0.5546875 0.3645833333333333 0.0296875 0.04375
0 0.328125 0.37916666666666665 0.03125 0.058333333333333334
0 0.48515625 0.37083333333333335 0.0265625 0.05625
0 0.02734375 0.6208333333333333 0.0546875 0.15
12 0.1578125 0.446875 0.015625 0.04583333333333333
12 0.1703125 0.43645833333333334 0.0140625 0.0625
4 0.97109375 0.6552083333333333 0.0578125 0.13541666666666666
12 0.05859375 0.528125 0.01875 0.05625
12 0.075 0.5104166666666666 0.021875 0.0875
4 0.1765625 0.3854166666666667 0.0453125 0.03958333333333333
6 0.71015625 0.7447916666666666 0.03125 0.05
14 0.73671875 0.46979166666666666 0.0546875 0.06041666666666667
14 0.70546875 0.43645833333333334 0.04375 0.04583333333333333
6 0.578125 0.48333333333333334 0.0140625 0.027083333333333334
2 0.365625 0.40625 0.015625 0.06666666666666667