4 0.22421875 0.29791666666666666 0.0734375 0.08333333333333333
0 0.05078125 0.2864583333333333 0.0765625 0.08125
0 0.05625 0.41041666666666665 0.08125 0.175
0 0.7609375 0.36875 0.0625 0.14166666666666666
3 0.390625 0.3875 0.26875 0.29583333333333334
0 0.68515625 0.36041666666666666 0.1046875 0.1375
4 0.19375 0.540625 0.1625 0.24791666666666667
10 0.73828125 0.9083333333333333 0.1828125 0.17916666666666667
12 0.80078125 0.471875 0.0515625 0.15625
0 0.965625 0.43020833333333336 0.065625 0.11875
12 0.66171875 0.42291666666666666 0.0421875 0.13333333333333333
12 0.73203125 0.47291666666666665 0.0296875 0.15416666666666667
4 0.15390625 0.2677083333333333 0.0640625 0.06458333333333334
10 0.21640625 0.39166666666666666 0.0421875 0.1
9 0.9171875 0.496875 0.1078125 0.0875
0 0.2015625 0.24895833333333334 0.040625 0.06041666666666667
0 0.57890625 0.39166666666666666 0.0765625 0.17083333333333334
6 0.21796875 0.35 0.0140625 0.020833333333333332
7 0.20390625 0.61875 0.0484375 0.020833333333333332
6 0.76875 0.8552083333333333 0.0546875 0.06875