0 0.33046875 0.31875 0.0484375 0.1125
0 0.26796875 0.6114583333333333 0.1390625 0.33958333333333335
15 0.23828125 0.39479166666666665 0.0453125 0.10208333333333333
10 0.16953125 0.4114583333333333 0.0453125 0.13541666666666666
0 0.48515625 0.3885416666666667 0.0921875 0.16041666666666668
12 0.06328125 0.43645833333333334 0.0421875 0.11875
4 0.56796875 0.74375 0.3640625 0.4
3 0.79765625 0.5270833333333333 0.403125 0.48333333333333334
15 0.06640625 0.278125 0.0421875 0.06666666666666667
10 0.14375 0.25625 0.0375 0.05
12 0.5375 0.3729166666666667 0.03125 0.1
4 0.35 0.24895833333333334 0.0625 0.06875
0 0.24296875 0.2864583333333333 0.0390625 0.10625
0 0.25625 0.21145833333333333 0.04375 0.05625
12 0.5765625 0.5104166666666666 0.0375 0.125
12 0.8265625 0.5052083333333334 0.03125 0.05625
7 0.68515625 0.8854166666666666 0.0578125 0.04375
12 0.69453125 0.5989583333333334 0.0578125 0.18541666666666667
6 0.17421875 0.359375 0.0171875 0.027083333333333334
6 0.23984375 0.36041666666666666 0.0171875 0.025