3 0.33359375 0.3302083333333333 0.1265625 0.22291666666666668
0 0.45703125 0.384375 0.0890625 0.16458333333333333
10 0.91796875 0.8708333333333333 0.1640625 0.25416666666666665
4 0.19296875 0.3177083333333333 0.0921875 0.11875
12 0.24765625 0.36666666666666664 0.0234375 0.11666666666666667
0 0.09296875 0.30104166666666665 0.0609375 0.11458333333333333
15 0.03984375 0.4166666666666667 0.04375 0.13333333333333333
4 0.17578125 0.49270833333333336 0.1578125 0.23958333333333334
0 0.56875 0.3958333333333333 0.0671875 0.16666666666666666
12 0.6765625 0.634375 0.0546875 0.18125
4 0.9609375 0.43020833333333336 0.075 0.10625
6 0.98203125 0.775 0.0359375 0.05416666666666667
7 0.19453125 0.5614583333333333 0.04375 0.020833333333333332
0 0.79921875 0.6395833333333333 0.203125 0.35833333333333334
0 0.684375 0.47291666666666665 0.1375 0.19166666666666668