15 0.77890625 0.9208333333333333 0.115625 0.15625
10 0.13203125 0.8854166666666666 0.0875 0.22291666666666668
0 0.66953125 0.5322916666666667 0.0828125 0.15416666666666667
0 0.565625 0.4625 0.0671875 0.12083333333333333
0 0.2796875 0.4739583333333333 0.0625 0.10625
9 0.9140625 0.5625 0.059375 0.058333333333333334
0 0.17265625 0.5916666666666667 0.0859375 0.16666666666666666
0 0.22265625 0.44166666666666665 0.04375 0.08541666666666667
10 0.240625 0.9125 0.090625 0.17291666666666666
2 0.0640625 0.5666666666666667 0.0484375 0.11666666666666667
4 0.09296875 0.459375 0.0859375 0.06875
14 0.7359375 0.471875 0.0515625 0.04791666666666667
0 0.45625 0.36666666666666664 0.025 0.05416666666666667
10 0.50078125 0.5020833333333333 0.05 0.09791666666666667
12 0.1625 0.4395833333333333 0.025 0.0625
0 0.3171875 0.40729166666666666 0.03125 0.075
10 0.33046875 0.5302083333333333 0.0390625 0.1125
0 0.25390625 0.39375 0.0296875 0.052083333333333336
6 0.23203125 0.853125 0.034375 0.04375
6 0.115625 0.7927083333333333 0.03125 0.035416666666666666
6 0.784375 0.8927083333333333 0.0390625 0.05625
6 0.771875 0.8666666666666667 0.0359375 0.04375
10 0.34921875 0.47291666666666665 0.028125 0.08333333333333333
6 0.33046875 0.4875 0.0140625 0.016666666666666666
14 0.70546875 0.4354166666666667 0.04375 0.03958333333333333
0 0.5703125 0.3875 0.0375 0.058333333333333334