10 0.2296875 0.6583333333333333 0.059375 0.16041666666666668
15 0.29453125 0.675 0.0625 0.15625
0 0.69453125 0.55625 0.090625 0.16041666666666668
0 0.5734375 0.39375 0.0390625 0.06041666666666667
0 0.2 0.5166666666666667 0.103125 0.14791666666666667
10 0.55 0.5989583333333334 0.0765625 0.14583333333333334
9 0.9140625 0.5614583333333333 0.05625 0.05625
0 0.296875 0.43854166666666666 0.053125 0.09166666666666666
0 0.58984375 0.4739583333333333 0.08125 0.10833333333333334
1 0.11171875 0.5322916666666667 0.0359375 0.06458333333333334
9 0.6515625 0.415625 0.0390625 0.03333333333333333
10 0.3421875 0.4791666666666667 0.0296875 0.08541666666666667
4 0.09296875 0.45729166666666665 0.09375 0.06875
0 0.4625 0.3802083333333333 0.025 0.06041666666666667
10 0.3546875 0.4166666666666667 0.0203125 0.04791666666666667
12 0.1046875 0.5052083333333334 0.0265625 0.08541666666666667
14 0.7359375 0.4708333333333333 0.0515625 0.05416666666666667
6 0.29375 0.609375 0.01875 0.025
6 0.2203125 0.59375 0.0234375 0.027083333333333334
0 0.24609375 0.4166666666666667 0.040625 0.08125