10 0.1734375 0.7895833333333333 0.078125 0.20416666666666666
0 0.6765625 0.5364583333333334 0.0828125 0.1625
0 0.1921875 0.5666666666666667 0.075 0.15208333333333332
15 0.2625 0.8291666666666667 0.0796875 0.20833333333333334
0 0.228125 0.4354166666666667 0.0375 0.07916666666666666
9 0.91640625 0.559375 0.059375 0.058333333333333334
0 0.571875 0.4666666666666667 0.071875 0.12083333333333333
4 0.0953125 0.4583333333333333 0.096875 0.07916666666666666
10 0.51640625 0.528125 0.053125 0.11458333333333333
0 0.2859375 0.46041666666666664 0.0578125 0.1
4 0.159375 0.39375 0.0796875 0.04375
2 0.08125 0.54375 0.0421875 0.1125
0 0.4578125 0.37395833333333334 0.025 0.05416666666666667
10 0.33515625 0.5125 0.034375 0.10208333333333333
9 0.65 0.41770833333333335 0.0390625 0.03958333333333333
6 0.334375 0.46875 0.0140625 0.01875
10 0.35234375 0.4510416666666667 0.028125 0.07291666666666667
0 0.15234375 0.5260416666666666 0.0578125 0.13541666666666666
12 0.165625 0.4354166666666667 0.021875 0.05625
10 0.4921875 0.3645833333333333 0.0203125 0.03958333333333333
14 0.7046875 0.4375 0.0421875 0.04583333333333333
6 0.1625 0.70625 0.028125 0.0375
6 0.25625 0.7416666666666667 0.0296875 0.035416666666666666
7 0.15 0.8385416666666666 0.0234375 0.020833333333333332
7 0.25625 0.90625 0.0296875 0.022916666666666665
4 0.971875 0.6552083333333333 0.05625 0.14375
14 0.73515625 0.46979166666666666 0.0546875 0.05625
0 0.571875 0.3875 0.0359375 0.058333333333333334
6 0.35078125 0.421875 0.0109375 0.016666666666666666