0 0.40703125 0.48020833333333335 0.1453125 0.24375
0 0.6921875 0.7802083333333333 0.303125 0.43125
4 0.19296875 0.375 0.1046875 0.15
4 0.26171875 0.26145833333333335 0.0609375 0.06875
4 0.40078125 0.30625 0.0828125 0.1
0 0.55703125 0.39791666666666664 0.0765625 0.15416666666666667
3 0.20703125 0.2 0.0921875 0.07916666666666666
3 0.88203125 0.59375 0.2296875 0.49166666666666664
0 0.2984375 0.27395833333333336 0.05 0.08125
3 0.4390625 0.23229166666666667 0.071875 0.11458333333333333
0 0.72890625 0.4375 0.18125 0.24583333333333332
12 0.6171875 0.43125 0.034375 0.12083333333333333
15 0.3109375 0.359375 0.0375 0.11041666666666666
15 0.10390625 0.32708333333333334 0.0296875 0.08541666666666667
4 0.23203125 0.6364583333333333 0.2328125 0.41875
3 0.6109375 0.23125 0.1140625 0.10208333333333333
15 0.69609375 0.5041666666666667 0.1234375 0.15
0 0.5140625 0.2677083333333333 0.0421875 0.08125
12 0.46328125 0.30625 0.025 0.09583333333333334
7 0.265625 0.790625 0.0625 0.035416666666666666
6 0.31015625 0.3177083333333333 0.0140625 0.022916666666666665
6 0.1046875 0.29375 0.0109375 0.016666666666666666