0 0.58671875 0.6135416666666667 0.1828125 0.33541666666666664
0 0.09765625 0.3802083333333333 0.0953125 0.15625
4 0.18515625 0.25416666666666665 0.0484375 0.06666666666666667
4 0.24375 0.36666666666666664 0.10625 0.125
0 0.09453125 0.2677083333333333 0.0734375 0.08125
4 0.23515625 0.6375 0.2171875 0.3958333333333333
0 0.80234375 0.6708333333333333 0.128125 0.3645833333333333
3 0.9484375 0.6135416666666667 0.103125 0.39791666666666664
0 0.628125 0.4864583333333333 0.1265625 0.20625
12 0.59140625 0.359375 0.0234375 0.06041666666666667
12 0.1625 0.43125 0.028125 0.075
10 0.2703125 0.27395833333333336 0.025 0.05625
12 0.4609375 0.2677083333333333 0.021875 0.06458333333333334
15 0.2890625 0.48125 0.0859375 0.1625
12 0.90390625 0.5177083333333333 0.0421875 0.15208333333333332
0 0.3203125 0.41458333333333336 0.0875 0.17708333333333334
2 0.34453125 0.30520833333333336 0.0296875 0.08125
0 0.45 0.225 0.053125 0.05416666666666667
0 0.48359375 0.41875 0.1140625 0.17708333333333334
6 0.26875 0.4114583333333333 0.0234375 0.03125
3 0.61328125 0.23854166666666668 0.090625 0.10208333333333333
0 0.68984375 0.4270833333333333 0.0828125 0.1625
0 0.7234375 0.38125 0.096875 0.14375
0 0.63515625 0.34375 0.0671875 0.11666666666666667
0 0.54375 0.34270833333333334 0.05625 0.1375
0 0.31875 0.24166666666666667 0.0453125 0.06458333333333334