0 0.60625 0.753125 0.30625 0.4354166666666667
12 0.15859375 0.26979166666666665 0.0203125 0.06666666666666667
0 0.30546875 0.28125 0.0359375 0.1
0 0.58515625 0.4114583333333333 0.1171875 0.15625
0 0.6828125 0.4125 0.10625 0.22916666666666666
3 0.89921875 0.6104166666666667 0.1984375 0.49583333333333335
12 0.421875 0.3 0.021875 0.07083333333333333
0 0.66171875 0.6114583333333333 0.228125 0.2875
0 0.51953125 0.29270833333333335 0.040625 0.1
0 0.57734375 0.2947916666666667 0.04375 0.1
3 0.6125 0.22708333333333333 0.0859375 0.08541666666666667
3 0.25078125 0.19166666666666668 0.10625 0.058333333333333334
0 0.7671875 0.39375 0.0953125 0.15416666666666667