10 0.6296875 0.3614583333333333 0.028125 0.07083333333333333
0 0.61875 0.31354166666666666 0.053125 0.06875
0 0.48046875 0.40520833333333334 0.075 0.12291666666666666
0 0.66640625 0.2947916666666667 0.025 0.058333333333333334
18 0.20859375 0.6239583333333333 0.11875 0.1625
10 0.19140625 0.9614583333333333 0.1453125 0.07708333333333334
15 0.83359375 0.3125 0.015625 0.052083333333333336
4 0.878125 0.43020833333333336 0.0828125 0.15416666666666667
10 0.3234375 0.7447916666666666 0.10625 0.17916666666666667
14 0.02734375 0.628125 0.0546875 0.09583333333333334
12 0.29296875 0.4041666666666667 0.03125 0.06041666666666667
9 0.96796875 0.35 0.0421875 0.041666666666666664
8 0.75390625 0.26979166666666665 0.0359375 0.06041666666666667
4 0.58671875 0.575 0.1625 0.20416666666666666
0 0.7109375 0.2677083333333333 0.021875 0.04583333333333333
8 0.70625 0.38958333333333334 0.078125 0.13958333333333334
12 0.0171875 0.5395833333333333 0.028125 0.06666666666666667
18 0.35546875 0.5 0.1015625 0.11041666666666666
9 0.33671875 0.40625 0.0546875 0.05
18 0.54609375 0.3333333333333333 0.0515625 0.06458333333333334
0 0.81015625 0.26875 0.0203125 0.03958333333333333
4 0.22109375 0.46875 0.134375 0.11041666666666666
12 0.240625 0.39479166666666665 0.025 0.05
12 0.40546875 0.40625 0.0359375 0.0875
6 0.3015625 0.6708333333333333 0.0265625 0.029166666666666667
9 0.39765625 0.3489583333333333 0.0328125 0.03333333333333333
7 0.5578125 0.6229166666666667 0.0359375 0.020833333333333332
7 0.7 0.440625 0.021875 0.0125
7 0.4703125 0.43333333333333335 0.0109375 0.0125
7 0.88359375 0.48541666666666666 0.0203125 0.0125
6 0.1421875 0.9447916666666667 0.028125 0.0375
3 0.8703125 0.28958333333333336 0.053125 0.08333333333333333