0 0.3984375 0.41041666666666665 0.1 0.18333333333333332
4 0.15546875 0.28020833333333334 0.0609375 0.07291666666666667
0 0.5921875 0.6125 0.2375 0.30833333333333335
12 0.87421875 0.7177083333333333 0.0796875 0.25625
3 0.8046875 0.565625 0.3875 0.5270833333333333
12 0.47265625 0.4510416666666667 0.0421875 0.14375
0 0.4609375 0.8635416666666667 0.4484375 0.27291666666666664
4 0.23125 0.45416666666666666 0.125 0.18333333333333332
12 0.0625 0.46979166666666666 0.03125 0.14375
4 0.25 0.3 0.1078125 0.10833333333333334
4 0.225 0.2625 0.05 0.0625
4 0.35625 0.26145833333333335 0.059375 0.06875
3 0.5734375 0.278125 0.121875 0.16875
12 0.11328125 0.4864583333333333 0.0328125 0.15625
0 0.2671875 0.33645833333333336 0.046875 0.1125
12 0.58203125 0.446875 0.0328125 0.052083333333333336
12 0.95 0.32395833333333335 0.025 0.06041666666666667
12 0.259375 0.51875 0.040625 0.1875
0 0.534375 0.39791666666666664 0.0703125 0.14375