0 0.4671875 0.7854166666666667 0.30625 0.425
0 0.59140625 0.421875 0.0984375 0.18541666666666667
0 0.70703125 0.4739583333333333 0.0953125 0.21875
3 0.86796875 0.5791666666666667 0.2609375 0.4375
0 0.06015625 0.596875 0.1203125 0.3020833333333333
12 0.42265625 0.30520833333333336 0.0234375 0.08958333333333333
12 0.44296875 0.29791666666666666 0.0203125 0.08333333333333333
4 0.40703125 0.22916666666666666 0.0609375 0.07083333333333333
0 0.52734375 0.29375 0.046875 0.08541666666666667
10 0.69921875 0.678125 0.096875 0.25625
6 0.68203125 0.571875 0.028125 0.04791666666666667
0 0.84921875 0.8229166666666666 0.3015625 0.3541666666666667
6 0.721875 0.6145833333333334 0.0359375 0.05625