0 0.1703125 0.5989583333333334 0.0921875 0.19583333333333333
0 0.6484375 0.484375 0.0671875 0.125
9 0.91328125 0.5572916666666666 0.05625 0.06041666666666667
0 0.79375 0.5666666666666667 0.1125 0.17083333333333334
15 0.5453125 0.8833333333333333 0.078125 0.21666666666666667
0 0.2546875 0.43333333333333335 0.0390625 0.08125
4 0.09140625 0.4583333333333333 0.096875 0.07083333333333333
10 0.5703125 0.46979166666666666 0.0421875 0.06041666666666667
0 0.06640625 0.6145833333333334 0.0953125 0.175
4 0.44375 0.384375 0.04375 0.06875
15 0.0234375 0.865625 0.046875 0.19791666666666666
0 0.58203125 0.5979166666666667 0.0859375 0.21458333333333332
15 0.49609375 0.4375 0.0265625 0.08541666666666667
0 0.96640625 0.8010416666666667 0.0671875 0.24583333333333332
10 0.2921875 0.53125 0.03125 0.10833333333333334
10 0.5078125 0.6385416666666667 0.059375 0.18541666666666667
15 0.3484375 0.40729166666666666 0.0234375 0.06041666666666667
0 0.51953125 0.39166666666666666 0.0390625 0.06875
15 0.29765625 0.45416666666666666 0.0265625 0.07083333333333333
0 0.31484375 0.3729166666666667 0.025 0.058333333333333334
12 0.1953125 0.4114583333333333 0.0171875 0.05416666666666667
6 0.55 0.7989583333333333 0.034375 0.06041666666666667
12 0.6 0.5864583333333333 0.028125 0.07083333333333333
14 0.73515625 0.46770833333333334 0.0515625 0.052083333333333336
14 0.7046875 0.4354166666666667 0.0421875 0.04375
6 0.51328125 0.56875 0.0203125 0.027083333333333334
6 0.5078125 0.5552083333333333 0.0203125 0.025
6 0.29296875 0.48854166666666665 0.015625 0.01875