3 0.884375 0.5989583333333334 0.228125 0.4895833333333333
4 0.24296875 0.31875 0.0953125 0.12083333333333333
12 0.43515625 0.7375 0.0828125 0.2875
8 0.06328125 0.2552083333333333 0.1265625 0.11875
0 0.36171875 0.37604166666666666 0.0953125 0.16041666666666668
0 0.18125 0.25 0.06875 0.0625
12 0.5125 0.49375 0.0625 0.175
12 0.5625 0.38645833333333335 0.03125 0.11041666666666666
12 0.73828125 0.4625 0.0390625 0.1375
0 0.4484375 0.36875 0.078125 0.16666666666666666
0 0.76875 0.39895833333333336 0.09375 0.14791666666666667
12 0.5890625 0.53125 0.053125 0.175
0 0.6609375 0.41875 0.125 0.175
12 0.5265625 0.36354166666666665 0.034375 0.10625
3 0.4375 0.23958333333333334 0.0703125 0.12083333333333333
12 0.18671875 0.309375 0.0265625 0.08541666666666667