4 0.09453125 0.46041666666666664 0.0921875 0.07916666666666666
10 0.259375 0.7489583333333333 0.065625 0.20625
0 0.34296875 0.3802083333333333 0.0296875 0.05625
10 0.5296875 0.5229166666666667 0.0390625 0.11458333333333333
14 0.73828125 0.46875 0.046875 0.04791666666666667
12 0.903125 0.5177083333333333 0.0296875 0.05416666666666667
8 0.62109375 0.46770833333333334 0.075 0.13958333333333334
9 0.91953125 0.565625 0.06875 0.06875
15 0.47265625 0.3854166666666667 0.015625 0.05
12 0.5625 0.384375 0.01875 0.05625
12 0.859375 0.5541666666666667 0.0296875 0.09375
12 0.43125 0.48020833333333335 0.0234375 0.0875
4 0.16796875 0.3927083333333333 0.0546875 0.04375
8 0.059375 0.7635416666666667 0.11875 0.30833333333333335
15 0.42890625 0.37395833333333334 0.0171875 0.04583333333333333
4 0.97265625 0.65625 0.0546875 0.13333333333333333
0 0.4375 0.32916666666666666 0.01875 0.03125
6 0.253125 0.665625 0.0265625 0.029166666666666667
6 0.53046875 0.4739583333333333 0.0125 0.022916666666666665