0 0.34765625 0.4239583333333333 0.0984375 0.11875
0 0.24453125 0.7635416666666667 0.2421875 0.45625
0 0.45703125 0.4166666666666667 0.0828125 0.19583333333333333
4 0.19765625 0.41770833333333335 0.1171875 0.17291666666666666
4 0.3125 0.27395833333333336 0.071875 0.06875
4 0.35546875 0.60625 0.2796875 0.3625
12 0.88046875 0.5239583333333333 0.0296875 0.06875
0 0.18046875 0.29375 0.0609375 0.0875
3 0.7984375 0.5416666666666666 0.403125 0.5125
12 0.540625 0.43854166666666666 0.028125 0.13958333333333334
15 0.24921875 0.33541666666666664 0.0421875 0.1
12 0.83046875 0.5041666666666667 0.0328125 0.0625
0 0.0921875 0.2625 0.06875 0.07083333333333333
12 0.45 0.290625 0.025 0.07708333333333334
0 0.53046875 0.3145833333333333 0.04375 0.10416666666666667
0 0.58359375 0.44375 0.0640625 0.19791666666666666