0 0.175 0.6385416666666667 0.1046875 0.19791666666666666
15 0.11640625 0.921875 0.096875 0.15416666666666667
0 0.50625 0.4375 0.0421875 0.09583333333333334
0 0.7984375 0.56875 0.1171875 0.18125
4 0.09453125 0.45729166666666665 0.09375 0.07708333333333334
0 0.0609375 0.5583333333333333 0.08125 0.14375
0 0.55546875 0.38229166666666664 0.0359375 0.0625
0 0.4984375 0.36666666666666664 0.021875 0.05
4 0.3609375 0.3614583333333333 0.0359375 0.04791666666666667
15 0.265625 0.6208333333333333 0.0421875 0.14166666666666666
12 0.89296875 0.6010416666666667 0.03125 0.09166666666666666
10 0.3078125 0.75 0.0515625 0.20208333333333334
0 0.2828125 0.3875 0.025 0.052083333333333336
4 0.325 0.44479166666666664 0.0640625 0.08958333333333333
15 0.04140625 0.6458333333333334 0.0546875 0.1375
10 0.3171875 0.5208333333333334 0.034375 0.10208333333333333
9 0.915625 0.55625 0.0484375 0.05416666666666667
10 0.1625 0.7791666666666667 0.0765625 0.1875
0 0.5796875 0.5635416666666667 0.090625 0.15416666666666667
10 0.2703125 0.50625 0.0390625 0.075
9 0.6484375 0.41875 0.0359375 0.0375
0 0.21171875 0.4010416666666667 0.0328125 0.06666666666666667
4 0.97265625 0.6510416666666666 0.0546875 0.125
4 0.16328125 0.39375 0.059375 0.05
6 0.09140625 0.8645833333333334 0.034375 0.04375
6 0.3 0.6645833333333333 0.0265625 0.03958333333333333
14 0.7328125 0.46875 0.04375 0.05
14 0.70390625 0.43333333333333335 0.0453125 0.041666666666666664
6 0.26484375 0.48333333333333334 0.0125 0.020833333333333332
6 0.27265625 0.475 0.0140625 0.016666666666666666
6 0.3171875 0.475 0.015625 0.020833333333333332
6 0.25859375 0.5625 0.015625 0.025
0 0.15 0.525 0.059375 0.11458333333333333
6 0.03046875 0.5916666666666667 0.0171875 0.029166666666666667
6 0.1453125 0.7052083333333333 0.0265625 0.03333333333333333