0 0.2828125 0.5416666666666666 0.0828125 0.15208333333333332
0 0.796875 0.5697916666666667 0.109375 0.16458333333333333
4 0.09375 0.45625 0.0953125 0.08333333333333333
9 0.9171875 0.5625 0.065625 0.06458333333333334
4 0.13125 0.9229166666666667 0.2625 0.15208333333333332
0 0.52421875 0.4354166666666667 0.0453125 0.09375
10 0.5734375 0.5197916666666667 0.053125 0.12083333333333333
0 0.590625 0.46041666666666664 0.0515625 0.1
10 0.46640625 0.5010416666666667 0.0359375 0.10833333333333334
0 0.24140625 0.403125 0.034375 0.06666666666666667
0 0.3296875 0.3927083333333333 0.0328125 0.06458333333333334
4 0.4484375 0.4166666666666667 0.05625 0.08541666666666667
0 0.2765625 0.39166666666666666 0.0296875 0.0625
12 0.053125 0.515625 0.0421875 0.10208333333333333
12 0.69375 0.45729166666666665 0.025 0.08333333333333333
10 0.55625 0.3802083333333333 0.0234375 0.04375
9 0.6515625 0.4166666666666667 0.0359375 0.0375
4 0.1578125 0.4 0.0859375 0.0625
15 0.5328125 0.35833333333333334 0.0171875 0.03958333333333333
4 0.971875 0.6489583333333333 0.05625 0.12916666666666668
0 0.0515625 0.7104166666666667 0.103125 0.23541666666666666
4 0.01875 0.5083333333333333 0.0375 0.11666666666666667
10 0.35 0.44166666666666665 0.0234375 0.06041666666666667
15 0.3078125 0.41875 0.0203125 0.0625
15 0.1953125 0.42916666666666664 0.0234375 0.06041666666666667
14 0.734375 0.46979166666666666 0.05 0.05
6 0.4671875 0.45729166666666665 0.0125 0.020833333333333332
11 0.58046875 0.475 0.015625 0.022916666666666665