0 0.38125 0.6229166666666667 0.1625 0.35
4 0.16953125 0.25 0.0859375 0.075
12 0.2625 0.4375 0.0375 0.1375
3 0.81953125 0.578125 0.3609375 0.49166666666666664
4 0.25546875 0.23645833333333333 0.0640625 0.04791666666666667
12 0.321875 0.39479166666666665 0.028125 0.11875
12 0.35390625 0.3885416666666667 0.0328125 0.11458333333333333
4 0.315625 0.23020833333333332 0.059375 0.05625
0 0.55546875 0.46770833333333334 0.1328125 0.24375
12 0.4515625 0.5239583333333333 0.034375 0.16041666666666668
3 0.40625 0.221875 0.1296875 0.1
12 0.93828125 0.5802083333333333 0.0328125 0.08125
12 0.29296875 0.39895833333333336 0.0296875 0.11875
3 0.590625 0.23645833333333333 0.084375 0.11666666666666667
0 0.42109375 0.38645833333333335 0.096875 0.1625
12 0.37421875 0.2989583333333333 0.0234375 0.06875
0 0.41171875 0.26458333333333334 0.0390625 0.075