10 0.73125 0.8052083333333333 0.0859375 0.25
0 0.79921875 0.56875 0.1109375 0.18125
0 0.2875 0.40208333333333335 0.03125 0.07291666666666667
0 0.2171875 0.4322916666666667 0.0390625 0.08333333333333333
4 0.0953125 0.45625 0.090625 0.09375
9 0.91796875 0.5572916666666666 0.0546875 0.06666666666666667
10 0.24921875 0.7145833333333333 0.0625 0.17916666666666667
10 0.31640625 0.5895833333333333 0.040625 0.13333333333333333
15 0.5875 0.5479166666666667 0.04375 0.1125
10 0.5359375 0.64375 0.059375 0.17083333333333334
0 0.496875 0.41041666666666665 0.0375 0.08125
4 0.33671875 0.4041666666666667 0.05 0.06458333333333334
4 0.30703125 0.4864583333333333 0.0734375 0.1
10 0.4609375 0.4375 0.025 0.075
0 0.2546875 0.36666666666666664 0.034375 0.05416666666666667
0 0.35 0.3645833333333333 0.0296875 0.05
4 0.16875 0.39479166666666665 0.0375 0.04375
0 0.60546875 0.41354166666666664 0.0375 0.07291666666666667
15 0.5328125 0.35833333333333334 0.015625 0.03958333333333333
4 0.971875 0.646875 0.05625 0.12708333333333333
4 0.1359375 0.6677083333333333 0.175 0.24791666666666667
6 0.23984375 0.6510416666666666 0.0203125 0.03125
6 0.24921875 0.6375 0.01875 0.03125
11 0.31328125 0.53125 0.0140625 0.022916666666666665
6 0.5375 0.575 0.0203125 0.035416666666666666
6 0.5875 0.5020833333333333 0.0171875 0.020833333333333332
6 0.7421875 0.696875 0.025 0.03125