4 0.121875 0.309375 0.078125 0.08541666666666667
10 0.17421875 0.4239583333333333 0.0484375 0.13958333333333334
3 0.65703125 0.49270833333333336 0.5203125 0.4270833333333333
0 0.0125 0.30520833333333336 0.025 0.08958333333333333
4 0.09765625 0.54375 0.1515625 0.2375
0 0.28828125 0.478125 0.1046875 0.23958333333333334
0 0.378125 0.30104166666666665 0.05 0.11041666666666666
15 0.21015625 0.371875 0.0375 0.11041666666666666
0 0.21953125 0.2875 0.0640625 0.10416666666666667
6 0.0359375 0.6739583333333333 0.0375 0.04791666666666667
0 0.34296875 0.8052083333333333 0.2859375 0.3854166666666667
12 0.4734375 0.6729166666666667 0.0515625 0.23958333333333334
10 0.2171875 0.54375 0.06875 0.2
0 0.8390625 0.8125 0.3125 0.37083333333333335
4 0.21796875 0.21770833333333334 0.0515625 0.04375
4 0.05 0.37395833333333334 0.1 0.13125
15 0.06328125 0.8072916666666666 0.1265625 0.31875
4 0.10703125 0.22291666666666668 0.0421875 0.0375
3 0.6 0.21875 0.1 0.07916666666666666
4 0.1671875 0.25104166666666666 0.05 0.05625
6 0.175 0.36666666666666664 0.025 0.025
6 0.2109375 0.46041666666666664 0.028125 0.0375
7 0.11015625 0.6302083333333334 0.0484375 0.029166666666666667
7 0.44375 0.9114583333333334 0.040625 0.0375