0 0.09453125 0.5791666666666667 0.0953125 0.15625
0 0.29296875 0.51875 0.0625 0.125
15 0.134375 0.9177083333333333 0.09375 0.1625
0 0.8 0.5677083333333334 0.1046875 0.16875
9 0.91484375 0.5635416666666667 0.05625 0.0625
15 0.11328125 0.715625 0.059375 0.15416666666666667
15 0.0421875 0.85 0.0765625 0.21666666666666667
10 0.5953125 0.46770833333333334 0.03125 0.1
0 0.7859375 0.8302083333333333 0.1859375 0.3375
10 0.17109375 0.6177083333333333 0.0515625 0.14166666666666666
10 0.57734375 0.8229166666666666 0.0765625 0.275
10 0.46015625 0.5125 0.034375 0.10625
4 0.26640625 0.6927083333333334 0.125 0.19583333333333333
12 0.55625 0.41041666666666665 0.01875 0.06875
0 0.60546875 0.4114583333333333 0.04375 0.075
4 0.1703125 0.39166666666666666 0.0578125 0.04791666666666667
12 0.8296875 0.85 0.021875 0.075
10 0.4796875 0.4125 0.0203125 0.06041666666666667
4 0.290625 0.4125 0.05625 0.08333333333333333
0 0.21328125 0.47604166666666664 0.08125 0.13333333333333333
10 0.3484375 0.4083333333333333 0.0234375 0.052083333333333336
4 0.09375 0.4583333333333333 0.0921875 0.075
15 0.18984375 0.5427083333333333 0.034375 0.0875
15 0.44140625 0.4083333333333333 0.015625 0.06041666666666667
15 0.5328125 0.359375 0.0171875 0.03958333333333333
12 0.6734375 0.45 0.01875 0.058333333333333334
6 0.10234375 0.6520833333333333 0.021875 0.022916666666666665
6 0.0296875 0.7552083333333334 0.0234375 0.027083333333333334
6 0.11640625 0.8541666666666666 0.028125 0.035416666666666666
6 0.58671875 0.7375 0.028125 0.04583333333333333
6 0.5828125 0.7020833333333333 0.0296875 0.03125
6 0.459375 0.46979166666666666 0.0140625 0.016666666666666666
6 0.16875 0.559375 0.0140625 0.01875
6 0.18359375 0.509375 0.0125 0.016666666666666666
14 0.73515625 0.471875 0.046875 0.04791666666666667
7 0.25625 0.7541666666666667 0.0359375 0.016666666666666666