3 0.80625 0.540625 0.384375 0.48125
4 0.26171875 0.321875 0.0765625 0.09791666666666667
15 0.940625 0.88125 0.11875 0.23333333333333334
0 0.4578125 0.37604166666666666 0.078125 0.16458333333333333
0 0.6359375 0.6125 0.203125 0.3375
15 0.56171875 0.7541666666666667 0.1265625 0.325
12 0.59765625 0.41041666666666665 0.0359375 0.075
4 0.05625 0.5854166666666667 0.1125 0.26458333333333334
4 0.0328125 0.39479166666666665 0.065625 0.12708333333333333
4 0.3 0.746875 0.3 0.45625
4 0.1109375 0.421875 0.115625 0.21041666666666667
3 0.5765625 0.2989583333333333 0.109375 0.18125
4 0.171875 0.259375 0.04375 0.08541666666666667
12 0.95546875 0.3302083333333333 0.0296875 0.06458333333333334
4 0.2171875 0.4583333333333333 0.1171875 0.13125
6 0.57109375 0.6666666666666666 0.0390625 0.0625
6 0.5578125 0.61875 0.0390625 0.04791666666666667
6 0.98828125 0.7895833333333333 0.0234375 0.04583333333333333
0 0.53203125 0.41041666666666665 0.0640625 0.18541666666666667