3 0.275 0.3875 0.18125 0.35625
4 0.190625 0.7729166666666667 0.38125 0.45208333333333334
3 0.89609375 0.596875 0.2078125 0.46875
0 0.70859375 0.5291666666666667 0.1546875 0.25833333333333336
10 0.109375 0.43125 0.0453125 0.14166666666666666
0 0.0859375 0.3333333333333333 0.0875 0.1125
4 0.16875 0.3302083333333333 0.103125 0.11875
15 0.503125 0.6114583333333333 0.10625 0.23125
0 0.5359375 0.37916666666666665 0.08125 0.15416666666666667
15 0.1578125 0.44375 0.05 0.16041666666666668
12 0.0140625 0.3854166666666667 0.028125 0.09166666666666666
3 0.61328125 0.246875 0.0890625 0.11875
0 0.45 0.384375 0.05625 0.16666666666666666
0 0.6046875 0.56875 0.175 0.3145833333333333
6 0.50859375 0.5177083333333333 0.0359375 0.035416666666666666
6 0.10703125 0.37916666666666665 0.0171875 0.022916666666666665
6 0.15546875 0.38125 0.0203125 0.029166666666666667