10 0.646875 0.7541666666666667 0.0671875 0.21875
15 0.4953125 0.43020833333333336 0.0203125 0.07083333333333333
10 0.3140625 0.4979166666666667 0.03125 0.09791666666666667
12 0.5609375 0.3854166666666667 0.015625 0.052083333333333336
4 0.09375 0.45625 0.0953125 0.08125
9 0.915625 0.5583333333333333 0.0609375 0.06875
15 0.43671875 0.39895833333333336 0.0203125 0.05625
12 0.83828125 0.5416666666666666 0.021875 0.10625
8 0.68671875 0.5302083333333333 0.1015625 0.19166666666666668
12 0.9046875 0.5166666666666667 0.025 0.05416666666666667
0 0.35234375 0.36041666666666666 0.0234375 0.04791666666666667
8 0.14921875 0.5625 0.125 0.2
12 0.2671875 0.375 0.0125 0.03958333333333333
4 0.1578125 0.39166666666666666 0.08125 0.04791666666666667
14 0.6296875 0.40625 0.0359375 0.0375
0 0.44140625 0.3375 0.0203125 0.03958333333333333
4 0.97265625 0.6552083333333333 0.0546875 0.14166666666666666
6 0.653125 0.6645833333333333 0.0234375 0.035416666666666666
6 0.31171875 0.4583333333333333 0.0125 0.01875