0 0.6984375 0.675 0.25 0.35
0 0.42578125 0.44375 0.1265625 0.2125
0 0.31796875 0.45625 0.0984375 0.225
0 0.23203125 0.35625 0.0671875 0.125
8 0.325 0.22395833333333334 0.090625 0.09375
0 0.69140625 0.46875 0.1859375 0.175
15 0.06171875 0.30520833333333336 0.0484375 0.07708333333333334
3 0.43671875 0.23541666666666666 0.0734375 0.12083333333333333
12 0.13828125 0.33541666666666664 0.0296875 0.1
3 0.903125 0.6052083333333333 0.190625 0.4895833333333333
12 0.428125 0.9510416666666667 0.0984375 0.09791666666666667
12 0.5390625 0.3875 0.0375 0.13333333333333333
0 0.3625 0.31145833333333334 0.05 0.09791666666666667
3 0.61015625 0.24166666666666667 0.0859375 0.11458333333333333