10 0.6625 0.89375 0.10625 0.21041666666666667
0 0.6125 0.41354166666666664 0.05 0.07708333333333334
0 0.81328125 0.728125 0.1546875 0.27708333333333335
4 0.09375 0.45729166666666665 0.0953125 0.07916666666666666
9 0.91484375 0.5604166666666667 0.053125 0.0625
10 0.22265625 0.5104166666666666 0.0390625 0.09583333333333334
15 0.1875 0.7197916666666667 0.06875 0.17291666666666666
15 0.52109375 0.5895833333333333 0.04375 0.1375
0 0.9453125 0.7291666666666666 0.1078125 0.24375
10 0.5078125 0.48541666666666666 0.03125 0.08958333333333333
0 0.26171875 0.40208333333333335 0.03125 0.07083333333333333
15 0.2890625 0.47291666666666665 0.025 0.075
12 0.6671875 0.47291666666666665 0.034375 0.09166666666666666
0 0.3 0.39479166666666665 0.0296875 0.0625
10 0.3375 0.465625 0.025 0.08125
0 0.51328125 0.38645833333333335 0.0390625 0.0625
12 0.5453125 0.39479166666666665 0.0125 0.052083333333333336
4 0.15625 0.40208333333333335 0.0828125 0.06875
14 0.73515625 0.4708333333333333 0.0515625 0.05625
12 0.2078125 0.4 0.0171875 0.05625
15 0.228125 0.403125 0.0203125 0.05416666666666667
12 0.84296875 0.5041666666666667 0.0265625 0.07916666666666666
12 0.4375 0.3875 0.0203125 0.05625
15 0.54921875 0.5614583333333333 0.0421875 0.12083333333333333
10 0.45 0.43333333333333335 0.0171875 0.07708333333333334
0 0.475 0.3875 0.03125 0.06458333333333334
6 0.50703125 0.4510416666666667 0.0125 0.016666666666666666
6 0.521875 0.5333333333333333 0.0140625 0.025
6 0.5453125 0.509375 0.01875 0.01875
6 0.66328125 0.8145833333333333 0.03125 0.03958333333333333
6 0.17734375 0.6489583333333333 0.0234375 0.027083333333333334
6 0.21171875 0.46979166666666666 0.0109375 0.016666666666666666
6 0.225 0.47291666666666665 0.0140625 0.016666666666666666
6 0.28828125 0.4395833333333333 0.0109375 0.014583333333333334
6 0.3328125 0.43020833333333336 0.0078125 0.0125
6 0.340625 0.43125 0.0046875 0.0125
6 0.4484375 0.40729166666666666 0.0078125 0.0125