4 0.3265625 0.2677083333333333 0.071875 0.07291666666666667
0 0.8265625 0.7885416666666667 0.31875 0.4083333333333333
0 0.05859375 0.6927083333333334 0.1171875 0.3645833333333333
12 0.25546875 0.5 0.0484375 0.1875
0 0.4609375 0.4354166666666667 0.109375 0.21666666666666667
3 0.42265625 0.28020833333333334 0.1015625 0.18125
0 0.584375 0.42604166666666665 0.11875 0.19375
15 0.3046875 0.30625 0.0328125 0.07708333333333334
12 0.359375 0.39791666666666664 0.028125 0.12083333333333333
12 0.26875 0.2625 0.015625 0.0625
4 0.19375 0.2625 0.04375 0.0625
3 0.5921875 0.21770833333333334 0.0875 0.08958333333333333
12 0.2484375 0.353125 0.025 0.11041666666666666
12 0.1125 0.2635416666666667 0.025 0.08125
0 0.21875 0.30625 0.05625 0.11666666666666667
3 0.82109375 0.5802083333333333 0.3578125 0.50625