15 0.4609375 0.6427083333333333 0.1 0.26875
15 0.89921875 0.8489583333333334 0.1671875 0.26875
0 0.46015625 0.375 0.0796875 0.16666666666666666
4 0.25625 0.30625 0.06875 0.09166666666666666
4 0.1125 0.40729166666666666 0.11875 0.19375
4 0.05234375 0.5666666666666667 0.1046875 0.24791666666666667
0 0.5984375 0.59375 0.209375 0.3125
3 0.79765625 0.5604166666666667 0.4015625 0.5208333333333334
4 0.27734375 0.7020833333333333 0.2734375 0.41458333333333336
12 0.603125 0.4125 0.034375 0.075
8 0.4265625 0.20416666666666666 0.084375 0.07083333333333333
3 0.5765625 0.28541666666666665 0.10625 0.19166666666666668
12 0.48046875 0.2864583333333333 0.0265625 0.05625
12 0.1015625 0.23645833333333333 0.015625 0.05625
4 0.215625 0.4510416666666667 0.1109375 0.1125
6 0.465625 0.5510416666666667 0.0328125 0.04375
6 0.9234375 0.740625 0.0390625 0.05625
6 0.46328125 0.5239583333333333 0.0328125 0.027083333333333334