4 0.19921875 0.81875 0.3234375 0.35833333333333334
0 0.38046875 0.49270833333333336 0.1296875 0.23125
4 0.278125 0.3541666666666667 0.090625 0.125
0 0.928125 0.821875 0.140625 0.35208333333333336
0 0.53046875 0.725 0.2734375 0.4041666666666667
17 0.13828125 0.23854166666666668 0.1625 0.12291666666666666
12 0.39921875 0.353125 0.0296875 0.09375
3 0.8015625 0.528125 0.39375 0.48541666666666666
0 0.54140625 0.4125 0.1046875 0.175
12 0.38828125 0.8260416666666667 0.1015625 0.3229166666666667
12 0.87578125 0.5229166666666667 0.0234375 0.0625
12 0.53515625 0.9260416666666667 0.0765625 0.14375
15 0.3359375 0.28229166666666666 0.0296875 0.06875
10 0.03046875 0.30416666666666664 0.053125 0.07083333333333333
10 0.33515625 0.721875 0.0890625 0.27291666666666664
12 0.44140625 0.340625 0.0265625 0.08541666666666667
12 0.47421875 0.9041666666666667 0.0828125 0.18333333333333332
10 0.83515625 0.9135416666666667 0.190625 0.17291666666666666
6 0.88046875 0.8614583333333333 0.040625 0.06041666666666667
6 0.3453125 0.6114583333333333 0.0375 0.04583333333333333