4 0.1234375 0.5864583333333333 0.18125 0.3104166666666667
12 0.225 0.9145833333333333 0.075 0.16666666666666666
0 0.9234375 0.7979166666666667 0.15 0.3875
3 0.79765625 0.5114583333333333 0.4015625 0.45625
12 0.26796875 0.44375 0.0484375 0.15416666666666667
0 0.5546875 0.809375 0.36875 0.3729166666666667
12 0.29140625 0.69375 0.0796875 0.23333333333333334
0 0.42578125 0.36875 0.0671875 0.17083333333333334
12 0.040625 0.39166666666666666 0.028125 0.10416666666666667
0 0.1859375 0.27395833333333336 0.0484375 0.08125
0 0.50234375 0.37395833333333334 0.0546875 0.16666666666666666
12 0.878125 0.5229166666666667 0.028125 0.06666666666666667
0 0.34921875 0.37604166666666666 0.0734375 0.16458333333333333
7 0.13203125 0.6791666666666667 0.0546875 0.025
3 0.61484375 0.28229166666666666 0.10625 0.15416666666666667