0 0.5890625 0.5729166666666666 0.0875 0.15625
10 0.1609375 0.7791666666666667 0.0640625 0.21458333333333332
0 0.45859375 0.5010416666666667 0.0625 0.13125
9 0.91328125 0.5625 0.0625 0.06041666666666667
15 0.465625 0.41041666666666665 0.01875 0.06041666666666667
0 0.49375 0.39375 0.0328125 0.06875
4 0.09375 0.4552083333333333 0.0984375 0.08125
4 0.178125 0.39375 0.040625 0.04583333333333333
10 0.1234375 0.5427083333333333 0.0390625 0.1125
10 0.51171875 0.5385416666666667 0.03125 0.12708333333333333
4 0.34375 0.3729166666666667 0.0375 0.04583333333333333
0 0.025 0.70625 0.05 0.21875
15 0.26484375 0.43020833333333336 0.0203125 0.06666666666666667
10 0.225 0.44375 0.025 0.0625
4 0.97265625 0.6520833333333333 0.0546875 0.13333333333333333
0 0.2421875 0.4 0.0328125 0.052083333333333336
18 0.70234375 0.5427083333333333 0.0734375 0.15625
14 0.7046875 0.4354166666666667 0.0390625 0.04583333333333333
14 0.73671875 0.4708333333333333 0.0515625 0.04791666666666667
6 0.14921875 0.6854166666666667 0.025 0.03125
6 0.51328125 0.48854166666666665 0.0140625 0.020833333333333332
15 0.29765625 0.4114583333333333 0.0203125 0.06041666666666667