0 0.68046875 0.6177083333333333 0.2296875 0.33958333333333335
0 0.24296875 0.34270833333333334 0.0546875 0.13125
0 0.33046875 0.4791666666666667 0.1078125 0.2
4 0.1359375 0.3416666666666667 0.10625 0.1125
0 0.46484375 0.41041666666666665 0.1078125 0.10833333333333334
12 0.4171875 0.35625 0.025 0.1
0 0.5375 0.3802083333333333 0.10625 0.13541666666666666
3 0.26875 0.6416666666666667 0.253125 0.3958333333333333
3 0.9 0.60625 0.196875 0.49166666666666664
9 0.27421875 0.2604166666666667 0.0234375 0.05
12 0.4625 0.28229166666666666 0.01875 0.07708333333333334
10 0.18203125 0.89375 0.1203125 0.20833333333333334
10 0.31171875 0.33958333333333335 0.0546875 0.08333333333333333
0 0.1421875 0.2552083333333333 0.053125 0.06875
7 0.3234375 0.790625 0.053125 0.03333333333333333
6 0.1703125 0.8885416666666667 0.0515625 0.06458333333333334
6 0.15546875 0.828125 0.0484375 0.06041666666666667
0 0.496875 0.6010416666666667 0.18125 0.33958333333333335
0 0.6890625 0.4239583333333333 0.09375 0.14583333333333334
0 0.52109375 0.278125 0.0421875 0.07083333333333333
3 0.6140625 0.2375 0.0890625 0.10833333333333334