12 0.54921875 0.6104166666666667 0.0609375 0.2
15 0.30703125 0.8791666666666667 0.1203125 0.2375
0 0.7078125 0.525 0.184375 0.2625
4 0.09296875 0.440625 0.1109375 0.17291666666666666
15 0.425 0.8427083333333333 0.1375 0.30625
12 0.44296875 0.5979166666666667 0.0515625 0.20416666666666666
4 0.1546875 0.27395833333333336 0.075 0.08541666666666667
3 0.3921875 0.275 0.153125 0.1875
10 0.34921875 0.4239583333333333 0.0515625 0.14375
3 0.896875 0.6052083333333333 0.203125 0.49375
0 0.25 0.5864583333333333 0.13125 0.3104166666666667
15 0.24375 0.3875 0.040625 0.0875
12 0.78046875 0.9635416666666666 0.1328125 0.06875
12 0.14453125 0.5614583333333333 0.0515625 0.18125
0 0.55078125 0.4791666666666667 0.1171875 0.1875
12 0.42421875 0.48020833333333335 0.0453125 0.14791666666666667
6 0.2984375 0.79375 0.040625 0.06458333333333334
6 0.42109375 0.721875 0.034375 0.05625
6 0.2484375 0.35833333333333334 0.015625 0.025
3 0.6140625 0.23854166666666668 0.0859375 0.10208333333333333