0 0.7734375 0.7041666666666667 0.253125 0.3875
4 0.42421875 0.24375 0.0484375 0.058333333333333334
0 0.1171875 0.37604166666666666 0.065625 0.15625
0 0.3875 0.3489583333333333 0.065625 0.14375
3 0.9484375 0.6104166666666667 0.1 0.40208333333333335
8 0.11875 0.2604166666666667 0.0796875 0.075
4 0.2171875 0.36666666666666664 0.1 0.15
4 0.25078125 0.5541666666666667 0.1609375 0.275
0 0.30390625 0.29375 0.0421875 0.09583333333333334
0 0.63046875 0.340625 0.0671875 0.12291666666666666
10 0.296875 0.40729166666666666 0.040625 0.12708333333333333
12 0.59296875 0.38125 0.0296875 0.1
0 0.47578125 0.40625 0.1203125 0.2
10 0.346875 0.46979166666666666 0.0546875 0.16875
15 0.425 0.5135416666666667 0.1328125 0.17291666666666666
12 0.7046875 0.478125 0.05 0.08958333333333333
0 0.68671875 0.43020833333333336 0.1015625 0.15625
0 0.8125 0.503125 0.1046875 0.19791666666666666
0 0.5421875 0.3458333333333333 0.0578125 0.125
6 0.4265625 0.4375 0.028125 0.035416666666666666
6 0.34375 0.40520833333333334 0.025 0.03125
6 0.29453125 0.35625 0.015625 0.027083333333333334
3 0.61328125 0.23854166666666668 0.0890625 0.1