3 0.44453125 0.48125 0.5484375 0.4125
10 0.7625 0.91875 0.2234375 0.16041666666666668
3 0.96953125 0.7072916666666667 0.05625 0.575
4 0.09140625 0.4125 0.1671875 0.1875
15 0.37109375 0.80625 0.14375 0.325
4 0.08671875 0.6541666666666667 0.1734375 0.39166666666666666
3 0.57109375 0.246875 0.1140625 0.12083333333333333
12 0.9140625 0.9291666666666667 0.0953125 0.13958333333333334
4 0.06015625 0.34791666666666665 0.075 0.08541666666666667
12 0.7890625 0.7208333333333333 0.06875 0.22291666666666668
12 0.45625 0.28125 0.0265625 0.041666666666666664
7 0.0859375 0.8229166666666666 0.059375 0.025
12 0.878125 0.740625 0.08125 0.22708333333333333
6 0.7953125 0.8885416666666667 0.0515625 0.06041666666666667
10 0.43671875 0.6822916666666666 0.1765625 0.26666666666666666
6 0.3546875 0.6760416666666667 0.0421875 0.05
6 0.41640625 0.5760416666666667 0.0421875 0.04791666666666667