10 0.23671875 0.43645833333333334 0.0484375 0.14791666666666667
12 0.7875 0.66875 0.05625 0.2375
4 0.42890625 0.28541666666666665 0.0671875 0.08333333333333333
4 0.19140625 0.78125 0.2890625 0.43333333333333335
4 0.16875 0.28125 0.0625 0.08333333333333333
0 0.49765625 0.48020833333333335 0.1546875 0.18541666666666667
4 0.0578125 0.5177083333333333 0.115625 0.23125
3 0.79921875 0.5416666666666666 0.4015625 0.5125
12 0.07578125 0.3625 0.0328125 0.10416666666666667
0 0.65078125 0.8541666666666666 0.4265625 0.2916666666666667
0 0.27578125 0.28854166666666664 0.040625 0.09583333333333334
10 0.02421875 0.275 0.0453125 0.06666666666666667
4 0.4046875 0.65625 0.275 0.375
9 0.54296875 0.5802083333333333 0.0859375 0.17291666666666666
10 0.109375 0.3229166666666667 0.0515625 0.08333333333333333
7 0.25 0.9520833333333333 0.075 0.041666666666666664