4 0.2046875 0.321875 0.06875 0.09791666666666667
0 0.79375 0.6354166666666666 0.2125 0.3416666666666667
10 0.21953125 0.7364583333333333 0.0984375 0.30625
3 0.9546875 0.60625 0.090625 0.41041666666666665
12 0.56015625 0.70625 0.0765625 0.225
12 0.31171875 0.43333333333333335 0.046875 0.14791666666666667
15 0.30546875 0.3333333333333333 0.0359375 0.09166666666666666
12 0.3734375 0.3614583333333333 0.025 0.10625
12 0.34765625 0.56875 0.0609375 0.19166666666666668
0 0.075 0.2677083333333333 0.071875 0.07708333333333334
3 0.61171875 0.23645833333333333 0.0921875 0.10625
12 0.46796875 0.2791666666666667 0.0234375 0.075
4 0.9625 0.43020833333333336 0.06875 0.10625
12 0.5 0.36666666666666664 0.0375 0.09583333333333334
0 0.56015625 0.36041666666666666 0.0671875 0.14583333333333334
12 0.39140625 0.23645833333333333 0.0171875 0.05625
12 0.34765625 0.25416666666666665 0.0203125 0.0625
12 0.79375 0.41770833333333335 0.04375 0.12291666666666666
0 0.6453125 0.45 0.1328125 0.18125
0 0.7 0.3802083333333333 0.125 0.15416666666666667
3 0.40546875 0.20833333333333334 0.1078125 0.06041666666666667
6 0.2046875 0.6135416666666667 0.034375 0.05