0 0.61171875 0.625 0.2453125 0.3125
4 0.15 0.2864583333333333 0.0625 0.07291666666666667
0 0.4015625 0.4114583333333333 0.10625 0.18125
12 0.1 0.4875 0.04375 0.15
3 0.80078125 0.5552083333333333 0.3953125 0.5145833333333333
4 0.234375 0.3125 0.10625 0.10833333333333334
12 0.471875 0.4552083333333333 0.034375 0.14375
4 0.23046875 0.4625 0.1203125 0.19166666666666668
12 0.2859375 0.525 0.0625 0.2
3 0.56953125 0.28541666666666665 0.1234375 0.16666666666666666
4 0.353125 0.265625 0.0625 0.06875
0 0.265625 0.33958333333333335 0.05625 0.10833333333333334
0 0.53046875 0.40625 0.0671875 0.16666666666666666
12 0.9203125 0.7302083333333333 0.0953125 0.25