2 0.70390625 0.5385416666666667 0.034375 0.11458333333333333
4 0.09375 0.45729166666666665 0.1 0.07916666666666666
0 0.62109375 0.5854166666666667 0.0859375 0.1875
0 0.2359375 0.42916666666666664 0.040625 0.07916666666666666
18 0.8609375 0.6875 0.14375 0.225
9 0.915625 0.559375 0.0625 0.07083333333333333
0 0.5015625 0.3875 0.0296875 0.06458333333333334
9 0.62890625 0.40625 0.0375 0.0375
0 0.2796875 0.4270833333333333 0.0359375 0.08125
4 0.9734375 0.6520833333333333 0.053125 0.15833333333333333
4 0.175 0.39166666666666666 0.0484375 0.05
15 0.23046875 0.6739583333333333 0.0515625 0.15416666666666667
12 0.6578125 0.42916666666666664 0.0171875 0.058333333333333334
10 0.35078125 0.428125 0.0234375 0.06666666666666667
10 0.31640625 0.44375 0.0203125 0.075
4 0.0359375 0.5083333333333333 0.071875 0.125
12 0.87265625 0.4864583333333333 0.0296875 0.05625
12 0.8453125 0.484375 0.025 0.052083333333333336
12 0.475 0.4041666666666667 0.0234375 0.06041666666666667
14 0.7359375 0.471875 0.0546875 0.052083333333333336
6 0.22734375 0.6145833333333334 0.021875 0.03125