0 0.26640625 0.40520833333333334 0.1140625 0.13125
0 0.4375 0.29791666666666666 0.04375 0.09166666666666666
0 0.3453125 0.33541666666666664 0.06875 0.1
4 0.6171875 0.203125 0.034375 0.04375
12 0.4078125 0.41041666666666665 0.040625 0.1125
14 0.08203125 0.459375 0.0765625 0.11666666666666667
4 0.9859375 0.8989583333333333 0.025 0.19791666666666666
12 0.00625 0.54375 0.0125 0.15
3 0.8078125 0.4875 0.3421875 0.575
7 0.85 0.7364583333333333 0.05 0.01875
4 0.4078125 0.25729166666666664 0.0484375 0.07083333333333333
0 0.2078125 0.5135416666666667 0.1140625 0.1875
4 0.05703125 0.9385416666666667 0.1140625 0.12291666666666666
4 0.22734375 0.3302083333333333 0.0984375 0.06041666666666667