15 0.1984375 0.7489583333333333 0.125 0.28125
0 0.19453125 0.35520833333333335 0.0890625 0.09375
3 0.52578125 0.5364583333333334 0.6171875 0.48333333333333334
0 0.24140625 0.24895833333333334 0.0421875 0.06875
4 0.03046875 0.296875 0.0609375 0.06875
0 0.13671875 0.5041666666666667 0.1515625 0.25
12 0.05390625 0.7239583333333334 0.0921875 0.27708333333333335
12 0.446875 0.475 0.0375 0.08333333333333333
12 0.975 0.5135416666666667 0.04375 0.15208333333333332
10 0.02109375 0.4666666666666667 0.0421875 0.175
4 0.96328125 0.4239583333333333 0.0640625 0.09791666666666667
12 0.9125 0.4979166666666667 0.05 0.12916666666666668
0 0.30390625 0.22708333333333333 0.0375 0.05625
0 0.51796875 0.25625 0.0578125 0.07291666666666667
6 0.18515625 0.653125 0.0375 0.058333333333333334
6 0.17890625 0.6125 0.0328125 0.04375