0 0.7109375 0.56875 0.0921875 0.18333333333333332
4 0.09296875 0.45729166666666665 0.0953125 0.08125
10 0.19453125 0.909375 0.090625 0.17916666666666667
10 0.596875 0.5541666666666667 0.04375 0.12916666666666668
0 0.296875 0.37916666666666665 0.0359375 0.0625
10 0.49453125 0.4395833333333333 0.0234375 0.07291666666666667
15 0.2671875 0.5375 0.0375 0.1125
9 0.915625 0.5604166666666667 0.05625 0.0625
15 0.55078125 0.4739583333333333 0.0234375 0.08541666666666667
0 0.45234375 0.4114583333333333 0.0390625 0.07708333333333334
12 0.8140625 0.5625 0.0296875 0.11875
0 0.23125 0.45625 0.0484375 0.08958333333333333
13 0.528125 0.390625 0.0234375 0.0625
4 0.1765625 0.39166666666666666 0.0453125 0.04583333333333333
4 0.9734375 0.6520833333333333 0.053125 0.13125
12 0.215625 0.39895833333333336 0.0140625 0.0375
14 0.7359375 0.46458333333333335 0.05 0.04583333333333333
9 0.640625 0.409375 0.0625 0.06458333333333334
6 0.18203125 0.8427083333333333 0.0375 0.041666666666666664
6 0.59609375 0.5010416666666667 0.015625 0.022916666666666665
6 0.55 0.43854166666666666 0.0125 0.01875
6 0.26640625 0.49375 0.0140625 0.022916666666666665