0 0.7375 0.85625 0.1875 0.2833333333333333
0 0.2828125 0.55 0.0765625 0.14791666666666667
15 0.16875 0.8958333333333334 0.0875 0.20208333333333334
10 0.31484375 0.446875 0.028125 0.06041666666666667
0 0.1125 0.6 0.0828125 0.175
0 0.503125 0.375 0.028125 0.06458333333333334
0 0.259375 0.41041666666666665 0.0390625 0.075
12 0.8015625 0.5625 0.0328125 0.11875
9 0.91484375 0.5541666666666667 0.0578125 0.058333333333333334
15 0.17265625 0.6458333333333334 0.0515625 0.14375
6 0.16640625 0.5854166666666667 0.0203125 0.025
10 0.22265625 0.5270833333333333 0.03125 0.10416666666666667
4 0.971875 0.6541666666666667 0.05625 0.13125
0 0.4671875 0.4 0.0328125 0.08125
2 0.1421875 0.465625 0.0296875 0.08125
4 0.15625 0.39895833333333336 0.0890625 0.06041666666666667
13 0.6 0.46041666666666664 0.0453125 0.09166666666666666
0 0.3515625 0.3854166666666667 0.0390625 0.06875
9 0.65234375 0.4166666666666667 0.0421875 0.035416666666666666
10 0.10625 0.8072916666666666 0.0765625 0.20833333333333334
12 0.9125 0.6177083333333333 0.03125 0.12916666666666668
4 0.0875 0.45 0.1109375 0.09166666666666666
14 0.7359375 0.4666666666666667 0.053125 0.05625
6 0.15703125 0.8083333333333333 0.0234375 0.0375
6 0.08515625 0.7197916666666667 0.021875 0.0375