8 0.09453125 0.5166666666666667 0.1640625 0.4125
0 0.5625 0.3802083333333333 0.0625 0.15625
12 0.39296875 0.30520833333333336 0.0265625 0.08125
12 0.21015625 0.2625 0.0171875 0.058333333333333334
4 0.728125 0.7989583333333333 0.4875 0.39375
12 0.878125 0.478125 0.040625 0.12708333333333333
12 0.32265625 0.33541666666666664 0.0296875 0.0875
12 0.46328125 0.2875 0.0203125 0.0875
12 0.1921875 0.2625 0.015625 0.058333333333333334
3 0.05 0.2604166666666667 0.1 0.1375
12 0.84921875 0.4114583333333333 0.0265625 0.08125
0 0.68125 0.46770833333333334 0.14375 0.18958333333333333
0 0.8015625 0.5979166666666667 0.1984375 0.2625
12 0.42578125 0.2916666666666667 0.0203125 0.0625
4 0.96328125 0.43020833333333336 0.0640625 0.10625
4 0.3421875 0.5666666666666667 0.20625 0.3416666666666667
16 0.28828125 0.228125 0.1203125 0.08541666666666667
12 0.80625 0.41875 0.028125 0.09583333333333334
3 0.6125 0.228125 0.078125 0.09166666666666666
7 0.365625 0.6854166666666667 0.05625 0.022916666666666665
7 0.09921875 0.671875 0.0515625 0.029166666666666667