0 0.453125 0.478125 0.1015625 0.14791666666666667
0 0.953125 0.6270833333333333 0.0921875 0.23333333333333334
10 0.8640625 0.63125 0.053125 0.1375
0 0.30390625 0.603125 0.1484375 0.2125
4 0.678125 0.49375 0.10625 0.14166666666666666
4 0.7171875 0.384375 0.075 0.0875
10 0.84296875 0.42916666666666664 0.0328125 0.08333333333333333
12 0.2265625 0.4197916666666667 0.028125 0.0625
4 0.95078125 0.3729166666666667 0.046875 0.06458333333333334
12 0.07109375 0.6395833333333333 0.034375 0.07708333333333334
14 0.37109375 0.40729166666666666 0.05 0.05625
0 0.75 0.29270833333333335 0.0296875 0.05416666666666667
0 0.078125 0.7958333333333333 0.15625 0.26875
0 0.63125 0.36770833333333336 0.0578125 0.08958333333333333
10 0.8859375 0.43125 0.0265625 0.09166666666666666
4 0.6078125 0.68125 0.175 0.23125
12 0.2921875 0.40625 0.021875 0.06458333333333334
4 0.29453125 0.84375 0.3296875 0.3125
0 0.546875 0.37916666666666665 0.05625 0.1
12 0.34375 0.48125 0.03125 0.05625
15 0.85 0.3145833333333333 0.021875 0.052083333333333336
4 0.52578125 0.5416666666666666 0.1703125 0.18333333333333332
0 0.9796875 0.4197916666666667 0.0390625 0.0875
15 0.81328125 0.30520833333333336 0.0203125 0.05416666666666667
6 0.8453125 0.39375 0.015625 0.014583333333333334
12 0.01171875 0.5322916666666667 0.0234375 0.06666666666666667
0 0.67421875 0.30520833333333336 0.0625 0.08958333333333333
9 0.00859375 0.6 0.0171875 0.058333333333333334
4 0.884375 0.30104166666666665 0.0390625 0.04791666666666667
15 0.4671875 0.37916666666666665 0.034375 0.035416666666666666
7 0.578125 0.7666666666666667 0.04375 0.022916666666666665
18 0.178125 0.540625 0.0953125 0.22916666666666666
12 0.19140625 0.5947916666666667 0.05 0.1375
14 0.4125 0.378125 0.046875 0.05416666666666667
0 0.58046875 0.4114583333333333 0.078125 0.1125
7 0.4875 0.5875 0.0359375 0.025
7 0.66875 0.5197916666666667 0.034375 0.022916666666666665
7 0.71171875 0.41041666666666665 0.0203125 0.014583333333333334
6 0.87421875 0.5895833333333333 0.01875 0.03333333333333333
6 0.878125 0.5739583333333333 0.0171875 0.027083333333333334
6 0.8890625 0.3927083333333333 0.0109375 0.01875
6 0.815625 0.28958333333333336 0.0078125 0.010416666666666666
4 0.92265625 0.32916666666666666 0.0390625 0.052083333333333336