0 0.2359375 0.5375 0.0703125 0.15833333333333333
9 0.91640625 0.559375 0.05 0.0625
4 0.09375 0.46041666666666664 0.0953125 0.07916666666666666
15 0.2265625 0.4239583333333333 0.021875 0.05625
4 0.1140625 0.596875 0.13125 0.14166666666666666
12 0.76875 0.50625 0.0296875 0.09375
4 0.971875 0.6489583333333333 0.0546875 0.14583333333333334
4 0.3125 0.42291666666666666 0.0609375 0.07083333333333333
4 0.021875 0.5104166666666666 0.04375 0.125
4 0.17578125 0.39166666666666666 0.0484375 0.04375
9 0.64921875 0.415625 0.0421875 0.041666666666666664
0 0.5484375 0.42916666666666664 0.04375 0.0875
0 0.32734375 0.3416666666666667 0.015625 0.0375
12 0.68125 0.45 0.0203125 0.06041666666666667
13 0.675 0.55 0.0515625 0.13541666666666666
14 0.7359375 0.46979166666666666 0.0453125 0.05416666666666667
10 0.35703125 0.37083333333333335 0.0140625 0.03958333333333333