10 0.05859375 0.9 0.1171875 0.19583333333333333
4 0.10546875 0.434375 0.1015625 0.16875
4 0.215625 0.371875 0.09375 0.12291666666666666
3 0.7984375 0.5427083333333333 0.4 0.5229166666666667
10 0.03125 0.5791666666666667 0.0625 0.20833333333333334
4 0.28828125 0.7447916666666666 0.4109375 0.50625
0 0.37421875 0.409375 0.1140625 0.16875
12 0.3125 0.2677083333333333 0.0265625 0.06875
4 0.37578125 0.25416666666666665 0.0703125 0.075
8 0.06171875 0.265625 0.1234375 0.09375
0 0.56015625 0.5427083333333333 0.1703125 0.28541666666666665
8 0.20546875 0.25625 0.13125 0.09375
3 0.61796875 0.2947916666666667 0.1125 0.18541666666666667
0 0.50625 0.34375 0.0609375 0.1375
12 0.55234375 0.38125 0.034375 0.09583333333333334
0 0.4390625 0.23854166666666668 0.04375 0.075
6 0.02265625 0.834375 0.0375 0.06041666666666667