0 0.915625 0.4791666666666667 0.109375 0.15
0 0.9109375 0.6541666666666667 0.175 0.2625
0 0.23125 0.5479166666666667 0.109375 0.20416666666666666
0 0.38203125 0.6114583333333333 0.1421875 0.26875
10 0.20625 0.7791666666666667 0.1125 0.2375
4 0.2296875 0.3302083333333333 0.0890625 0.06875
15 0.4515625 0.36770833333333336 0.028125 0.11875
10 0.3796875 0.36041666666666666 0.03125 0.0875
15 0.16875 0.42604166666666665 0.05625 0.07291666666666667
3 0.73671875 0.43020833333333336 0.2078125 0.36041666666666666
6 0.18828125 0.6791666666666667 0.0328125 0.0375
15 0.04296875 0.534375 0.0859375 0.12708333333333333
12 0.38515625 0.28020833333333334 0.0203125 0.06875
4 0.61796875 0.209375 0.0421875 0.035416666666666666
0 0.67421875 0.240625 0.0328125 0.03958333333333333
12 0.26640625 0.3927083333333333 0.0421875 0.09375
4 0.8 0.25104166666666666 0.05625 0.052083333333333336
4 0.7453125 0.20520833333333333 0.059375 0.035416666666666666
7 0.76796875 0.5697916666666667 0.04375 0.01875
12 0.1296875 0.5520833333333334 0.053125 0.13541666666666666
12 0.109375 0.55 0.0375 0.1125
4 0.63359375 0.2677083333333333 0.05 0.0625
15 0.6390625 0.37395833333333334 0.028125 0.1125
6 0.63828125 0.32916666666666666 0.0125 0.022916666666666665