10 0.16640625 0.9041666666666667 0.1484375 0.19166666666666668
10 0.2953125 0.5708333333333333 0.0609375 0.13541666666666666
0 0.66953125 0.32708333333333334 0.0359375 0.08333333333333333
15 0.53671875 0.45 0.0453125 0.10625
0 0.62578125 0.3697916666666667 0.05 0.11458333333333333
4 0.82421875 0.30833333333333335 0.0453125 0.052083333333333336
12 0.53125 0.41354166666666664 0.0171875 0.01875
6 0.5296875 0.4125 0.0015625 0.0020833333333333333
6 0.5359375 0.40625 0.0203125 0.01875
6 0.1265625 0.8270833333333333 0.034375 0.03958333333333333
10 0.98359375 0.6958333333333333 0.03125 0.11041666666666666
18 0.54765625 0.33541666666666664 0.046875 0.06458333333333334
0 0.746875 0.2989583333333333 0.0265625 0.05416666666666667
4 0.8375 0.37916666666666665 0.05625 0.0875
12 0.496875 0.4375 0.0328125 0.09166666666666666
4 0.86484375 0.4864583333333333 0.090625 0.17083333333333334
12 0.0953125 0.5947916666666667 0.040625 0.12083333333333333
18 0.36171875 0.5270833333333333 0.10625 0.1125
12 0.34140625 0.4666666666666667 0.0421875 0.0625
4 0.9140625 0.7895833333333333 0.1703125 0.42083333333333334
4 0.71015625 0.41875 0.0828125 0.1125
0 0.97265625 0.5197916666666667 0.0546875 0.14583333333333334
15 0.0171875 0.725 0.034375 0.1625
4 0.815625 0.25625 0.034375 0.04375
0 0.196875 0.6385416666666667 0.1203125 0.1125
0 0.98984375 0.37604166666666666 0.01875 0.058333333333333334
12 0.14765625 0.5916666666666667 0.0421875 0.06458333333333334
9 0.48125 0.33645833333333336 0.03125 0.0375
12 0.66875 0.2552083333333333 0.015625 0.03125
7 0.8671875 0.5447916666666667 0.03125 0.027083333333333334
12 0.19296875 0.7020833333333333 0.059375 0.16041666666666668
12 0.05546875 0.7041666666666667 0.05 0.15416666666666667
12 0.2296875 0.5364583333333334 0.0453125 0.13125
4 0.22265625 0.4635416666666667 0.14375 0.10625
12 0.390625 0.4166666666666667 0.0328125 0.09375
0 0.73125 0.26666666666666666 0.021875 0.04375