10 0.575 0.5114583333333333 0.04375 0.1125
4 0.09296875 0.45625 0.0984375 0.08333333333333333
9 0.9125 0.553125 0.05 0.06666666666666667
10 0.46328125 0.44375 0.0265625 0.075
12 0.7421875 0.5041666666666667 0.0296875 0.09791666666666667
2 0.23046875 0.3885416666666667 0.01875 0.04583333333333333
4 0.5296875 0.6354166666666666 0.1234375 0.19791666666666666
12 0.27109375 0.4979166666666667 0.0203125 0.09791666666666667
4 0.9734375 0.6447916666666667 0.053125 0.16041666666666668
4 0.16328125 0.39375 0.0734375 0.052083333333333336
6 0.46484375 0.41458333333333336 0.0125 0.020833333333333332
0 0.475 0.375 0.0359375 0.04791666666666667
12 0.60546875 0.37604166666666666 0.0125 0.04583333333333333
15 0.3296875 0.37604166666666666 0.0171875 0.04791666666666667
12 0.90625 0.6166666666666667 0.03125 0.1125
15 0.4390625 0.4 0.0203125 0.04791666666666667
6 0.57734375 0.46875 0.0140625 0.022916666666666665
9 0.65390625 0.4197916666666667 0.04375 0.04375
14 0.70703125 0.434375 0.05 0.04583333333333333
4 0.0359375 0.5010416666666667 0.071875 0.12083333333333333
7 0.54609375 0.70625 0.03125 0.0125