8 0.15078125 0.7739583333333333 0.2609375 0.43125
12 0.40703125 0.44375 0.0515625 0.17083333333333334
0 0.24296875 0.30625 0.0515625 0.1125
10 0.09453125 0.26666666666666666 0.0390625 0.05416666666666667
3 0.80234375 0.5135416666666667 0.39375 0.47708333333333336
0 0.465625 0.2552083333333333 0.053125 0.09375
15 0.18515625 0.24895833333333334 0.0328125 0.04375
12 0.1484375 0.2864583333333333 0.01875 0.05625
0 0.92265625 0.7979166666666667 0.1515625 0.3875
0 0.50546875 0.415625 0.0984375 0.16041666666666668
15 0.23125 0.596875 0.0875 0.17291666666666666
3 0.57890625 0.31354166666666666 0.1140625 0.20625
12 0.8484375 0.31145833333333334 0.0375 0.04375
4 0.5859375 0.825 0.2875 0.3458333333333333
12 0.9296875 0.9052083333333333 0.05 0.18541666666666667
12 0.3359375 0.48020833333333335 0.0375 0.08125
12 0.484375 0.30520833333333336 0.03125 0.08125
8 0.51328125 0.725 0.4171875 0.55
12 0.81640625 0.2989583333333333 0.0234375 0.035416666666666666
6 0.2140625 0.5364583333333334 0.028125 0.04375