4 0.321875 0.31145833333333334 0.084375 0.09375
4 0.14921875 0.30520833333333336 0.0765625 0.09375
4 0.1984375 0.5916666666666667 0.20625 0.32916666666666666
4 0.42890625 0.27395833333333336 0.0546875 0.06875
3 0.6734375 0.6927083333333334 0.6375 0.60625
12 0.50390625 0.359375 0.0453125 0.09375
4 0.17890625 0.259375 0.0484375 0.05
4 0.23515625 0.24375 0.0609375 0.0625
12 0.04296875 0.6864583333333333 0.0859375 0.24375
0 0.52265625 0.28125 0.0421875 0.075
3 0.796875 0.465625 0.40625 0.31875
3 0.58984375 0.221875 0.0828125 0.10416666666666667
3 0.23359375 0.19479166666666667 0.1046875 0.06041666666666667
7 0.2375 0.7010416666666667 0.053125 0.027083333333333334