15 0.3234375 0.6791666666666667 0.10625 0.275
0 0.50625 0.4114583333333333 0.1375 0.18125
6 0.315625 0.5625 0.0296875 0.05
12 0.36875 0.5104166666666666 0.0625 0.15416666666666667
0 0.67890625 0.42916666666666664 0.0859375 0.17083333333333334
0 0.35625 0.30625 0.046875 0.11666666666666667
0 0.240625 0.28541666666666665 0.04375 0.08958333333333333
12 0.42265625 0.325 0.0234375 0.09583333333333334
0 0.103125 0.2635416666666667 0.0703125 0.06666666666666667
14 0.87734375 0.48541666666666666 0.0734375 0.10416666666666667
12 0.61875 0.4375 0.0375 0.1375
15 0.3109375 0.30104166666666665 0.03125 0.08541666666666667
0 0.39765625 0.22916666666666666 0.0453125 0.05416666666666667
12 0.46796875 0.2989583333333333 0.0234375 0.05625
12 0.7609375 0.4322916666666667 0.03125 0.13958333333333334
3 0.6125 0.23229166666666667 0.0875 0.09375
0 0.54765625 0.23020833333333332 0.0359375 0.05625
0 0.73359375 0.371875 0.08125 0.1375
4 0.96328125 0.421875 0.0734375 0.08958333333333333