0 0.37890625 0.5375 0.1578125 0.3
0 0.66328125 0.51875 0.1640625 0.25
3 0.9484375 0.6302083333333334 0.1 0.46041666666666664
0 0.16171875 0.28020833333333334 0.040625 0.07291666666666667
12 0.465625 0.2833333333333333 0.01875 0.07291666666666667
8 0.225 0.221875 0.0828125 0.08958333333333333
14 0.84140625 0.5010416666666667 0.0953125 0.09375
15 0.215625 0.30520833333333336 0.03125 0.08541666666666667
12 0.0734375 0.28020833333333334 0.025 0.06875
4 0.96171875 0.43020833333333336 0.0734375 0.10625
12 0.76640625 0.446875 0.0359375 0.14791666666666667
3 0.61328125 0.2375 0.0921875 0.10416666666666667
12 0.4359375 0.28229166666666666 0.021875 0.06875
12 0.51796875 0.440625 0.0328125 0.12708333333333333
12 0.54921875 0.4322916666666667 0.0390625 0.14375
0 0.73125 0.37083333333333335 0.078125 0.12916666666666668
18 0.86640625 0.3927083333333333 0.09375 0.14583333333333334