4 0.26015625 0.6510416666666666 0.2609375 0.44375
3 0.15546875 0.3229166666666667 0.1203125 0.21666666666666667
0 0.4015625 0.34270833333333334 0.065625 0.11875
0 0.4703125 0.38125 0.10625 0.14166666666666666
12 0.44453125 0.29791666666666666 0.0265625 0.05
4 0.26015625 0.28020833333333334 0.0796875 0.08125
3 0.8140625 0.5291666666666667 0.371875 0.4666666666666667
12 0.33125 0.3072916666666667 0.0375 0.11041666666666666
12 0.29375 0.39791666666666664 0.03125 0.13333333333333333
12 0.54921875 0.30625 0.0203125 0.07916666666666666
12 0.0125 0.45 0.025 0.1125
15 0.44921875 0.4354166666666667 0.078125 0.1375
0 0.51875 0.2625 0.0390625 0.08125
0 0.5984375 0.43020833333333336 0.0765625 0.19375
12 0.39375 0.2552083333333333 0.025 0.06041666666666667
7 0.3046875 0.8166666666666667 0.0640625 0.03125
6 0.45390625 0.38229166666666664 0.0234375 0.029166666666666667