0 0.20703125 0.6989583333333333 0.1625 0.25
15 0.4234375 0.425 0.028125 0.05
0 0.96875 0.4239583333333333 0.05 0.10833333333333334
4 0.67421875 0.43020833333333336 0.0875 0.0875
0 0.60078125 0.31145833333333334 0.0484375 0.07291666666666667
4 0.83203125 0.31875 0.04375 0.058333333333333334
0 0.659375 0.28958333333333336 0.0296875 0.0625
0 0.54296875 0.3333333333333333 0.059375 0.08333333333333333
10 0.878125 0.3489583333333333 0.01875 0.04583333333333333
8 0.81484375 0.25416666666666665 0.025 0.041666666666666664
18 0.3515625 0.50625 0.1015625 0.10625
9 0.3421875 0.40520833333333334 0.046875 0.04375
8 0.97734375 0.59375 0.04375 0.13333333333333333
9 0.3890625 0.39479166666666665 0.0421875 0.04583333333333333
4 0.72734375 0.32708333333333334 0.05625 0.06666666666666667
12 0.2546875 0.5520833333333334 0.0328125 0.06875
0 0.6984375 0.28125 0.0328125 0.05625
15 0.03671875 0.65 0.0328125 0.0625
12 0.01328125 0.5385416666666667 0.0265625 0.09583333333333334
4 0.22265625 0.46770833333333334 0.1375 0.11666666666666667
9 0.96328125 0.35 0.046875 0.041666666666666664
12 0.1484375 0.48541666666666666 0.0234375 0.05
10 0.009375 0.6197916666666666 0.01875 0.10208333333333333
8 0.3296875 0.8822916666666667 0.2984375 0.23333333333333334
4 0.6265625 0.5885416666666666 0.1453125 0.22708333333333333
7 0.278125 0.496875 0.0171875 0.01875
7 0.6125 0.6479166666666667 0.0390625 0.022916666666666665
7 0.83203125 0.33541666666666664 0.0125 0.010416666666666666
8 0.92109375 0.31666666666666665 0.0390625 0.07708333333333334
12 0.475 0.428125 0.03125 0.09375
12 0.45703125 0.4 0.0234375 0.1
12 0.1109375 0.7 0.053125 0.15208333333333332