0 0.76171875 0.671875 0.2703125 0.3645833333333333
4 0.478125 0.825 0.4375 0.3458333333333333
0 0.4578125 0.36666666666666664 0.075 0.15
4 0.29453125 0.38645833333333335 0.1078125 0.13958333333333334
3 0.8046875 0.5197916666666667 0.390625 0.46041666666666664
4 0.09296875 0.44166666666666665 0.1234375 0.21666666666666667
4 0.18203125 0.296875 0.0515625 0.08958333333333333
4 0.26328125 0.5822916666666667 0.1890625 0.26458333333333334
4 0.0953125 0.6822916666666666 0.190625 0.35625
0 0.153125 0.36041666666666666 0.046875 0.12916666666666668
4 0.03515625 0.39895833333333336 0.0703125 0.13125
12 0.478125 0.28541666666666665 0.028125 0.0625
0 0.5296875 0.43645833333333334 0.0671875 0.22083333333333333
12 0.4796875 0.425 0.0375 0.13333333333333333
8 0.35 0.215625 0.09375 0.08958333333333333
3 0.58125 0.25 0.103125 0.13541666666666666
0 0.2265625 0.25833333333333336 0.0640625 0.075
7 0.11953125 0.796875 0.059375 0.03333333333333333