10 0.3 0.5739583333333333 0.0625 0.15
10 0.9734375 0.5197916666666667 0.04375 0.07916666666666666
12 0.36171875 0.5760416666666667 0.05 0.15
18 0.19921875 0.6520833333333333 0.115625 0.16458333333333333
0 0.22734375 0.875 0.23125 0.24791666666666667
18 0.38203125 0.5104166666666666 0.071875 0.09166666666666666
0 0.884375 0.728125 0.1421875 0.38125
3 0.68359375 0.41041666666666665 0.146875 0.25833333333333336
0 0.9796875 0.41458333333333336 0.040625 0.0625
0 0.8609375 0.540625 0.08125 0.15208333333333332
10 0.88671875 0.45729166666666665 0.034375 0.05625
4 0.85625 0.4 0.075 0.11875
4 0.98125 0.6895833333333333 0.0359375 0.3145833333333333
18 0.54921875 0.334375 0.0453125 0.06041666666666667
15 0.92421875 0.5479166666666667 0.0375 0.12083333333333333
7 0.6640625 0.50625 0.0203125 0.016666666666666666