0 0.5421875 0.44166666666666665 0.046875 0.10833333333333334
13 0.721875 0.6135416666666667 0.0953125 0.15416666666666667
9 0.9140625 0.5572916666666666 0.053125 0.07083333333333333
4 0.4359375 0.3875 0.04375 0.058333333333333334
0 0.25 0.42291666666666666 0.0328125 0.07916666666666666
2 0.15546875 0.45208333333333334 0.025 0.06875
4 0.0953125 0.4552083333333333 0.0984375 0.08125
0 0.52890625 0.36041666666666666 0.03125 0.04583333333333333
4 0.971875 0.6416666666666667 0.0546875 0.16875
0 0.4859375 0.39166666666666666 0.03125 0.07291666666666667
0 0.653125 0.48125 0.0671875 0.12083333333333333
14 0.73671875 0.471875 0.0484375 0.05625
10 0.33828125 0.49583333333333335 0.03125 0.09375
10 0.31953125 0.4552083333333333 0.0234375 0.07291666666666667
0 0.4984375 0.3625 0.0359375 0.04583333333333333
2 0.18125 0.44479166666666664 0.021875 0.075
15 0.20546875 0.44479166666666664 0.025 0.07291666666666667
0 0.3078125 0.3458333333333333 0.0171875 0.04375
4 0.1640625 0.38958333333333334 0.06875 0.04791666666666667
4 0.0375 0.49895833333333334 0.075 0.13125
12 0.596875 0.3927083333333333 0.0125 0.05
0 0.28203125 0.43854166666666666 0.0390625 0.09583333333333334