0 0.603125 0.5260416666666666 0.0953125 0.19166666666666668
10 0.653125 0.321875 0.01875 0.05625
10 0.81796875 0.33645833333333336 0.01875 0.06666666666666667
10 0.7375 0.3125 0.0203125 0.05
18 0.21640625 0.621875 0.11875 0.14583333333333334
0 0.8515625 0.2864583333333333 0.0234375 0.04375
10 0.8640625 0.3333333333333333 0.015625 0.04791666666666667
12 0.5859375 0.31354166666666666 0.01875 0.0625
14 0.4140625 0.37916666666666665 0.046875 0.04791666666666667
0 0.7 0.275 0.0234375 0.05
4 0.2203125 0.471875 0.140625 0.11875
12 0.23828125 0.39479166666666665 0.03125 0.05625
4 0.96171875 0.353125 0.0640625 0.058333333333333334
0 0.73046875 0.27708333333333335 0.0234375 0.04791666666666667
10 0.7640625 0.2875 0.0140625 0.041666666666666664
18 0.35 0.490625 0.1015625 0.13333333333333333
4 0.6265625 0.27395833333333336 0.0421875 0.04583333333333333
12 0.1359375 0.48020833333333335 0.0296875 0.05416666666666667
14 0.3375 0.39791666666666664 0.0546875 0.0625
9 0.375 0.3885416666666667 0.0453125 0.04583333333333333
12 0.0421875 0.5583333333333333 0.03125 0.0625
12 0.3234375 0.6427083333333333 0.0453125 0.1625
14 0.03203125 0.634375 0.0578125 0.11666666666666667
7 0.27890625 0.496875 0.015625 0.016666666666666666
18 0.54453125 0.3385416666666667 0.04375 0.05
12 0.51328125 0.35520833333333335 0.0203125 0.06458333333333334
18 0.984375 0.403125 0.03125 0.07083333333333333
4 0.90078125 0.45625 0.0875 0.125
8 0.915625 0.7364583333333333 0.16875 0.45
7 0.9125 0.5083333333333333 0.0203125 0.0125
7 0.896875 0.9489583333333333 0.0453125 0.020833333333333332
13 0.91875 0.3614583333333333 0.028125 0.06666666666666667