10 0.1609375 0.5416666666666666 0.040625 0.10625
0 0.6171875 0.5916666666666667 0.0953125 0.19583333333333333
0 0.890625 0.8666666666666667 0.2171875 0.26458333333333334
0 0.49140625 0.5489583333333333 0.0734375 0.15
9 0.915625 0.5614583333333333 0.05 0.0625
4 0.09765625 0.45416666666666666 0.0734375 0.0875
2 0.1109375 0.48125 0.0375 0.07708333333333334
4 0.14140625 0.4125 0.065625 0.05
10 0.4765625 0.44479166666666664 0.0265625 0.06875
4 0.09765625 0.76875 0.19375 0.25
10 0.52109375 0.48333333333333334 0.028125 0.06875
0 0.55859375 0.38958333333333334 0.034375 0.0625
0 0.3125 0.3541666666666667 0.01875 0.04375
15 0.55390625 0.465625 0.0265625 0.08125
4 0.03359375 0.5041666666666667 0.0671875 0.10416666666666667
2 0.19609375 0.46770833333333334 0.0234375 0.08125
2 0.234375 0.39791666666666664 0.0234375 0.058333333333333334
4 0.9734375 0.65625 0.0515625 0.12916666666666668
9 0.65078125 0.4166666666666667 0.034375 0.03333333333333333
12 0.1421875 0.47708333333333336 0.021875 0.07291666666666667
14 0.73671875 0.4708333333333333 0.05 0.052083333333333336
10 0.33125 0.37916666666666665 0.01875 0.04583333333333333
15 0.3546875 0.39375 0.01875 0.05416666666666667
14 0.70703125 0.43333333333333335 0.0375 0.04375