4 0.19921875 0.29270833333333335 0.0859375 0.10625
0 0.7890625 0.8479166666666667 0.4125 0.3
4 0.30546875 0.27291666666666664 0.0671875 0.07083333333333333
3 0.796875 0.475 0.403125 0.38333333333333336
4 0.12578125 0.5916666666666667 0.1890625 0.37083333333333335
12 0.55625 0.5854166666666667 0.05 0.1875
12 0.32421875 0.4739583333333333 0.0328125 0.09375
0 0.0796875 0.26666666666666666 0.075 0.07916666666666666
12 0.87578125 0.5197916666666667 0.0296875 0.06875
15 0.28203125 0.5302083333333333 0.0671875 0.20625
0 0.4125 0.728125 0.2109375 0.4479166666666667
12 0.70703125 0.6354166666666666 0.0578125 0.16666666666666666
0 0.3484375 0.315625 0.05 0.11041666666666666
12 0.37890625 0.24791666666666667 0.0203125 0.05416666666666667
3 0.540625 0.3885416666666667 0.2390625 0.2875
0 0.8984375 0.76875 0.203125 0.28125
7 0.12890625 0.7333333333333333 0.059375 0.03125
6 0.2859375 0.44479166666666664 0.0234375 0.0375