4 0.390625 0.309375 0.09375 0.09791666666666667
10 0.06640625 0.30625 0.0640625 0.075
12 0.51015625 0.4552083333333333 0.0453125 0.17291666666666666
12 0.16953125 0.41770833333333335 0.0328125 0.13125
4 0.403125 0.23125 0.084375 0.0625
12 0.40078125 0.4041666666666667 0.0296875 0.10416666666666667
4 0.378125 0.903125 0.3625 0.1875
12 0.43359375 0.55625 0.05 0.23541666666666666
12 0.45390625 0.3541666666666667 0.0265625 0.10625
9 0.2640625 0.2125 0.040625 0.05
12 0.3828125 0.5166666666666667 0.046875 0.16875
3 0.8015625 0.4979166666666667 0.396875 0.4083333333333333
10 0.27734375 0.27708333333333335 0.0234375 0.07708333333333334
10 0.01328125 0.28541666666666665 0.0265625 0.0625
0 0.91796875 0.709375 0.1640625 0.2125
12 0.83203125 0.50625 0.0328125 0.0625
0 0.5359375 0.2989583333333333 0.053125 0.10625
0 0.58515625 0.4552083333333333 0.0671875 0.21666666666666667
0 0.11640625 0.26875 0.0796875 0.075
0 0.32890625 0.25104166666666666 0.0390625 0.07291666666666667
0 0.79453125 0.8520833333333333 0.403125 0.29583333333333334