0 0.2734375 0.4427083333333333 0.10625 0.22291666666666668
4 0.1890625 0.33125 0.075 0.1
3 0.871875 0.6302083333333334 0.253125 0.5354166666666667
12 0.25 0.8770833333333333 0.0890625 0.24166666666666667
12 0.4671875 0.4166666666666667 0.034375 0.12916666666666668
0 0.69765625 0.46875 0.1296875 0.2
12 0.4390625 0.31666666666666665 0.021875 0.09166666666666666
4 0.06796875 0.525 0.1359375 0.25
4 0.3640625 0.6125 0.09375 0.2708333333333333
0 0.2984375 0.24270833333333333 0.075 0.06875
12 0.42421875 0.42291666666666666 0.0265625 0.12916666666666668
4 0.046875 0.2677083333333333 0.09375 0.08125
0 0.565625 0.44166666666666665 0.13125 0.175
12 0.9375 0.5864583333333333 0.03125 0.08125
10 0.4609375 0.8697916666666666 0.1953125 0.25416666666666665
0 0.5390625 0.32708333333333334 0.0625 0.10833333333333334
12 0.55 0.553125 0.06875 0.17708333333333334
10 0.3671875 0.30104166666666665 0.03125 0.07708333333333334
9 0.0125 0.42604166666666665 0.025 0.08125
4 0.121875 0.21458333333333332 0.0625 0.035416666666666666
4 0.41015625 0.23020833333333332 0.0640625 0.06875
9 0.22421875 0.2625 0.0296875 0.0625
0 0.709375 0.70625 0.2640625 0.37916666666666665
12 0.3609375 0.2604166666666667 0.025 0.05
7 0.05625 0.60625 0.05625 0.03125
3 0.2953125 0.19375 0.1296875 0.06666666666666667
6 0.4640625 0.821875 0.0515625 0.075
6 0.4015625 0.778125 0.05 0.0625
6 0.36328125 0.49895833333333334 0.028125 0.04375