10 0.4859375 0.50625 0.0359375 0.11041666666666666
0 0.2453125 0.42916666666666664 0.0390625 0.08125
15 0.60703125 0.7322916666666667 0.0625 0.19166666666666668
4 0.35546875 0.3645833333333333 0.0359375 0.04583333333333333
4 0.09453125 0.46041666666666664 0.090625 0.06875
4 0.971875 0.65 0.0546875 0.15208333333333332
0 0.9515625 0.8802083333333334 0.09375 0.2375
9 0.9140625 0.5645833333333333 0.053125 0.05625
0 0.8796875 0.953125 0.1765625 0.09166666666666666
15 0.51953125 0.41875 0.0203125 0.06041666666666667
4 0.4171875 0.3260416666666667 0.0234375 0.027083333333333334
8 0.13125 0.9125 0.2625 0.17291666666666666
0 0.51875 0.35833333333333334 0.0203125 0.04583333333333333
9 0.734375 0.46979166666666666 0.05 0.06041666666666667
4 0.4453125 0.3302083333333333 0.0234375 0.027083333333333334
4 0.153125 0.396875 0.053125 0.03958333333333333
12 0.59296875 0.38958333333333334 0.0140625 0.052083333333333336
4 0.3625 0.32916666666666666 0.021875 0.03125
12 0.03046875 0.5854166666666667 0.0359375 0.11041666666666666
12 0.04453125 0.5541666666666667 0.0234375 0.09375
4 0.02265625 0.49583333333333335 0.0453125 0.08333333333333333
4 0.05 0.484375 0.046875 0.06458333333333334
4 0.084375 0.42083333333333334 0.0703125 0.029166666666666667
4 0.12109375 0.4239583333333333 0.0546875 0.04791666666666667
4 0.14140625 0.41354166666666664 0.05625 0.04791666666666667
4 0.17890625 0.3885416666666667 0.0453125 0.0375
10 0.3296875 0.33645833333333336 0.0125 0.029166666666666667
10 0.46171875 0.37083333333333335 0.0171875 0.04791666666666667
12 0.8453125 0.50625 0.015625 0.08541666666666667
12 0.8921875 0.51875 0.0234375 0.04583333333333333
12 0.83359375 0.49895833333333334 0.0140625 0.07916666666666666
6 0.60546875 0.6552083333333333 0.0234375 0.035416666666666666
6 0.4859375 0.4666666666666667 0.01875 0.022916666666666665