18 0.3515625 0.5104166666666666 0.1046875 0.1125
0 0.521875 0.4 0.0734375 0.10625
10 0.6796875 0.5052083333333334 0.0484375 0.12916666666666668
4 0.88203125 0.5166666666666667 0.096875 0.18958333333333333
0 0.6984375 0.36041666666666666 0.0703125 0.08958333333333333
13 0.48828125 0.58125 0.1328125 0.22291666666666668
0 0.9765625 0.5291666666666667 0.0453125 0.17291666666666666
0 0.5828125 0.3072916666666667 0.046875 0.06666666666666667
15 0.515625 0.86875 0.115625 0.2
10 0.7515625 0.3489583333333333 0.021875 0.0625
6 0.521875 0.7895833333333333 0.03125 0.041666666666666664
6 0.68046875 0.453125 0.0171875 0.022916666666666665
0 0.64140625 0.31354166666666666 0.04375 0.07291666666666667
0 0.6984375 0.28958333333333336 0.03125 0.05
0 0.85703125 0.33645833333333336 0.0328125 0.06875
4 0.22734375 0.4708333333333333 0.140625 0.12083333333333333
10 0.9234375 0.46041666666666664 0.0296875 0.08333333333333333
18 0.225 0.6135416666666667 0.1078125 0.16666666666666666
15 0.8984375 0.34479166666666666 0.0203125 0.05
7 0.66953125 0.53125 0.0125 0.008333333333333333
7 0.69296875 0.3614583333333333 0.0171875 0.010416666666666666
7 0.88515625 0.5875 0.0234375 0.01875
6 0.9281440109375 0.43215008125 0.930078125 0.42552083333333335 0.92890625 0.41822916666666665 0.923828125 0.4161458333333333 0.920703125 0.42135416666666664 0.9219940624999999 0.42976485 0.9281440109375 0.43215008125
6 0.49765625 0.8203125 0.49375 0.8182291666666667 0.484375 0.8213541666666667 0.477734375 0.8296875 0.474609375 0.8385416666666666 0.473828125 0.85 0.477734375 0.8614583333333333 0.49765625 0.8625 0.5 0.8604166666666667 0.503515625 0.8494791666666667 0.504296875 0.8364583333333333 0.5015625 0.8255208333333334 0.49765625 0.8203125
7 0.48828125 0.95625 0.0234375 0.01875