0 0.12109375 0.83125 0.2421875 0.2833333333333333
12 0.0859375 0.45729166666666665 0.0265625 0.05
4 0.875 0.38645833333333335 0.05625 0.0875
0 0.5953125 0.37604166666666666 0.05625 0.10416666666666667
15 0.32109375 0.8552083333333333 0.1109375 0.18333333333333332
6 0.3015625 0.7833333333333333 0.034375 0.0375
4 0.60703125 0.6708333333333333 0.190625 0.25
0 0.2296875 0.6479166666666667 0.190625 0.22083333333333333
12 0.24140625 0.4083333333333333 0.021875 0.06041666666666667
12 0.325 0.5208333333333334 0.0328125 0.11875
4 0.9484375 0.375 0.04375 0.06875
18 0.4671875 0.41041666666666665 0.084375 0.10416666666666667
8 0.675 0.4375 0.1234375 0.20208333333333334
0 0.634375 0.328125 0.0421875 0.052083333333333336
14 0.33203125 0.4 0.04375 0.06875
4 0.70703125 0.3020833333333333 0.0390625 0.04791666666666667
0 0.75234375 0.26875 0.040625 0.04583333333333333
15 0.846875 0.325 0.021875 0.04583333333333333
0 0.83828125 0.43333333333333335 0.0453125 0.13958333333333334
12 0.03125 0.6666666666666666 0.0421875 0.10208333333333333
7 0.575 0.728125 0.046875 0.03333333333333333
7 0.68984375 0.46979166666666666 0.0328125 0.01875
12 0.40078125 0.4114583333333333 0.021875 0.08541666666666667
12 0.3765625 0.41354166666666664 0.0203125 0.08333333333333333
15 0.81796875 0.30416666666666664 0.015625 0.04791666666666667