10 0.2390625 0.48854166666666665 0.03125 0.09166666666666666
4 0.359375 0.35833333333333334 0.0375 0.04583333333333333
10 0.175 0.5 0.0296875 0.08958333333333333
4 0.09296875 0.45729166666666665 0.0953125 0.06875
4 0.4390625 0.3885416666666667 0.04375 0.05416666666666667
0 0.58984375 0.4270833333333333 0.0453125 0.08541666666666667
10 0.290625 0.5760416666666667 0.0390625 0.125
0 0.3109375 0.3541666666666667 0.021875 0.05
9 0.91484375 0.5614583333333333 0.053125 0.06041666666666667
10 0.93984375 0.678125 0.0640625 0.14375
10 0.35 0.41770833333333335 0.0203125 0.058333333333333334
0 0.4796875 0.36666666666666664 0.03125 0.05416666666666667
0 0.50625 0.390625 0.0359375 0.07916666666666666
4 0.175 0.38958333333333334 0.053125 0.041666666666666664
12 0.08046875 0.5229166666666667 0.0234375 0.08958333333333333
4 0.36953125 0.31875 0.0203125 0.020833333333333332
4 0.2859375 0.3302083333333333 0.028125 0.03333333333333333
12 0.90078125 0.51875 0.0296875 0.058333333333333334
4 0.46875 0.32708333333333334 0.025 0.022916666666666665
4 0.025 0.5104166666666666 0.05 0.11875
12 0.84765625 0.5041666666666667 0.0171875 0.0875
4 0.97890625 0.6520833333333333 0.0421875 0.13333333333333333
12 0.81328125 0.5 0.0171875 0.08333333333333333
14 0.73515625 0.46875 0.0515625 0.05416666666666667
14 0.7046875 0.4354166666666667 0.04375 0.04583333333333333
12 0.6234375 0.40729166666666666 0.015625 0.06666666666666667
4 0.04375 0.48541666666666666 0.05625 0.0625
4 0.125 0.421875 0.0453125 0.04583333333333333
4 0.1453125 0.4125 0.046875 0.04375
4 0.15546875 0.4010416666666667 0.053125 0.052083333333333336
6 0.2859375 0.5260416666666666 0.015625 0.025
6 0.23828125 0.45208333333333334 0.0140625 0.01875
6 0.1734375 0.46458333333333335 0.0140625 0.01875
6 0.34921875 0.3958333333333333 0.0078125 0.0125
11 0.9546875 0.6229166666666667 0.015625 0.029166666666666667