13 0.675 0.30625 0.034375 0.0625
0 0.73671875 0.3020833333333333 0.034375 0.06666666666666667
12 0.28984375 0.5927083333333333 0.0375 0.1375
9 0.39296875 0.36354166666666665 0.0578125 0.04583333333333333
4 0.553125 0.546875 0.1578125 0.16875
10 0.62890625 0.32395833333333335 0.0265625 0.05416666666666667
10 0.31796875 0.8791666666666667 0.1234375 0.19583333333333333
12 0.559375 0.7020833333333333 0.0890625 0.125
18 0.36796875 0.5197916666666667 0.10625 0.11041666666666666
18 0.16484375 0.6395833333333333 0.128125 0.18333333333333332
6 0.28046875 0.7979166666666667 0.0296875 0.03958333333333333
12 0.21953125 0.515625 0.0234375 0.09375
12 0.2421875 0.49583333333333335 0.028125 0.11666666666666667
12 0.484375 0.7520833333333333 0.0671875 0.11666666666666667
12 0.17109375 0.7322916666666667 0.071875 0.17708333333333334
14 0.3375 0.39791666666666664 0.05625 0.06875
12 0.5515625 0.36041666666666666 0.0203125 0.08125
14 0.0375 0.6416666666666667 0.059375 0.12708333333333333
9 0.4828125 0.3375 0.0265625 0.03958333333333333
10 0.5875 0.33125 0.0265625 0.0625
12 0.32421875 0.584375 0.0359375 0.1375
12 0.12890625 0.5635416666666667 0.034375 0.10416666666666667
12 0.0546875 0.6041666666666666 0.0390625 0.10208333333333333
12 0.26015625 0.5135416666666667 0.0234375 0.08333333333333333
12 0.03671875 0.7177083333333333 0.0484375 0.1375
7 0.51484375 0.6010416666666667 0.03125 0.020833333333333332
3 0.90546875 0.58125 0.1890625 0.4666666666666667
7 0.890625 0.7604166666666666 0.0265625 0.029166666666666667