12 0.45859375 0.33645833333333336 0.0359375 0.13125
0 0.08671875 0.5135416666666667 0.1734375 0.20833333333333334
12 0.41328125 0.3302083333333333 0.0359375 0.1125
6 0.7671875 0.6552083333333333 0.046875 0.058333333333333334
0 0.53984375 0.32708333333333334 0.1046875 0.15
0 0.57890625 0.41458333333333336 0.0890625 0.2125
10 0.29296875 0.4375 0.071875 0.12083333333333333
10 0.7375 0.6833333333333333 0.125 0.10625
12 0.696875 0.3572916666666667 0.0359375 0.10833333333333334
9 0.97265625 0.453125 0.0546875 0.11875
12 0.221875 0.5375 0.0578125 0.18333333333333332
9 0.834375 0.503125 0.1 0.15