0 0.325 0.8229166666666666 0.34375 0.35
10 0.69296875 0.8479166666666667 0.2140625 0.3
4 0.18125 0.265625 0.05625 0.07291666666666667
12 0.42890625 0.4427083333333333 0.0390625 0.15208333333333332
10 0.21875 0.39791666666666664 0.04375 0.12916666666666668
0 0.503125 0.38125 0.1125 0.15
3 0.81015625 0.5895833333333333 0.3765625 0.5375
0 0.02890625 0.28229166666666666 0.0578125 0.09375
12 0.5546875 0.48020833333333335 0.05625 0.18125
12 0.0484375 0.3854166666666667 0.028125 0.125
12 0.61328125 0.3802083333333333 0.0296875 0.14791666666666667
0 0.35078125 0.303125 0.05 0.09583333333333334
6 0.6546875 0.7260416666666667 0.0453125 0.05625
6 0.7015625 0.759375 0.046875 0.07083333333333333
6 0.225 0.346875 0.0171875 0.027083333333333334
12 0.06796875 0.3770833333333333 0.03125 0.1125
0 0.41171875 0.30520833333333336 0.04375 0.11041666666666666