0 0.88125 0.8552083333333333 0.23125 0.28541666666666665
0 0.46171875 0.8 0.3203125 0.3958333333333333
4 0.15625 0.421875 0.1125 0.20208333333333334
3 0.79765625 0.5260416666666666 0.4015625 0.48541666666666666
10 0.6515625 0.7677083333333333 0.13125 0.28958333333333336
12 0.81171875 0.6979166666666666 0.0703125 0.1875
4 0.14765625 0.653125 0.2171875 0.3770833333333333
0 0.52578125 0.3854166666666667 0.0984375 0.12916666666666668
4 0.4546875 0.23020833333333332 0.065625 0.05625
4 0.521875 0.2625 0.05625 0.075
0 0.084375 0.2635416666666667 0.071875 0.07708333333333334
10 0.46015625 0.325 0.0359375 0.1
8 0.33203125 0.36354166666666665 0.1046875 0.22291666666666668
0 0.26171875 0.33125 0.0546875 0.125
12 0.82890625 0.5104166666666666 0.0328125 0.05
12 0.48671875 0.35 0.0296875 0.0875
0 0.39609375 0.54375 0.1640625 0.21458333333333332
0 0.54765625 0.54375 0.178125 0.24375
8 0.1984375 0.28541666666666665 0.1265625 0.10416666666666667