0 0.8609375 0.7864583333333334 0.275 0.42291666666666666
3 0.31015625 0.4041666666666667 0.1921875 0.4
0 0.06328125 0.38645833333333335 0.075 0.14375
4 0.10234375 0.63125 0.2046875 0.35833333333333334
0 0.14375 0.4114583333333333 0.0875 0.19375
0 0.44375 0.378125 0.08125 0.17708333333333334
0 0.52890625 0.44895833333333335 0.1046875 0.22291666666666668
10 0.49375 0.6291666666666667 0.0953125 0.25625
3 0.90703125 0.58125 0.1828125 0.4375
4 0.14453125 0.275 0.0578125 0.06041666666666667
12 0.68828125 0.5114583333333333 0.04375 0.16458333333333333
4 0.1875 0.34270833333333334 0.08125 0.10208333333333333
0 0.71015625 0.3875 0.096875 0.11666666666666667
6 0.49140625 0.5270833333333333 0.03125 0.052083333333333336
4 0.4171875 0.8375 0.5859375 0.325
15 0.58984375 0.5864583333333333 0.1359375 0.21041666666666667
0 0.6234375 0.4875 0.0859375 0.22083333333333333
6 0.58828125 0.5052083333333334 0.0328125 0.05
4 0.12578125 0.21875 0.053125 0.03958333333333333
3 0.61484375 0.24270833333333333 0.09375 0.11458333333333333
0 0.7546875 0.55 0.0859375 0.21666666666666667