10 0.1234375 0.8604166666666667 0.084375 0.22916666666666666
4 0.62265625 0.8739583333333333 0.25 0.25
0 0.57578125 0.46770833333333334 0.05625 0.11458333333333333
9 0.91328125 0.5625 0.0546875 0.0625
8 0.82890625 0.85 0.2234375 0.29791666666666666
4 0.4515625 0.41458333333333336 0.053125 0.07291666666666667
0 0.54375 0.3875 0.04375 0.0625
4 0.51875 0.5479166666666667 0.109375 0.2
12 0.28203125 0.4583333333333333 0.01875 0.07916666666666666
4 0.0796875 0.4583333333333333 0.0640625 0.06666666666666667
0 0.3015625 0.36875 0.03125 0.058333333333333334
12 0.82890625 0.5479166666666667 0.0265625 0.09375
9 0.334375 0.39166666666666666 0.025 0.03958333333333333
4 0.971875 0.65 0.0546875 0.15625
0 0.13046875 0.4739583333333333 0.046875 0.10208333333333333
0 0.2421875 0.371875 0.028125 0.05625
10 0.2265625 0.46875 0.03125 0.08333333333333333
9 0.5078125 0.4270833333333333 0.025 0.05
10 0.2765625 0.4166666666666667 0.0234375 0.058333333333333334
9 0.64453125 0.41458333333333336 0.0484375 0.04791666666666667
6 0.103125 0.76875 0.0296875 0.03958333333333333
4 0.69609375 0.465625 0.021875 0.07083333333333333
12 0.1234375 0.5083333333333333 0.0234375 0.09166666666666666
4 0.04921875 0.48541666666666666 0.0546875 0.07083333333333333
4 0.02578125 0.5114583333333333 0.05 0.1125