15 0.54765625 0.3333333333333333 0.028125 0.04791666666666667
18 0.36484375 0.5104166666666666 0.1171875 0.14583333333333334
15 0.8578125 0.30625 0.021875 0.03958333333333333
12 0.22578125 0.6427083333333333 0.0453125 0.13958333333333334
10 0.7046875 0.36666666666666664 0.03125 0.06666666666666667
0 0.6640625 0.28541666666666665 0.03125 0.058333333333333334
15 0.878125 0.3729166666666667 0.021875 0.07291666666666667
6 0.703125 0.33958333333333335 0.015625 0.016666666666666666
12 0.2890625 0.40729166666666666 0.03125 0.06875
10 0.8265625 0.32916666666666666 0.01875 0.05625
18 0.13515625 0.6989583333333333 0.1375 0.1625
15 0.43984375 0.3729166666666667 0.025 0.041666666666666664
4 0.7546875 0.26145833333333335 0.040625 0.0375
0 0.9046875 0.31979166666666664 0.03125 0.052083333333333336
10 0.96953125 0.8385416666666666 0.0609375 0.23958333333333334
12 0.02734375 0.7552083333333334 0.0546875 0.12291666666666666
9 0.48359375 0.3385416666666667 0.0234375 0.03333333333333333
4 0.9859375 0.3802083333333333 0.0265625 0.0625
12 0.4 0.41875 0.0234375 0.06875
4 0.22109375 0.46875 0.1296875 0.12083333333333333
12 0.21328125 0.39375 0.028125 0.03958333333333333
18 0.48515625 0.38958333333333334 0.0578125 0.06875
8 0.65546875 0.4822916666666667 0.1421875 0.21875
7 0.640625 0.5458333333333333 0.0296875 0.016666666666666666