14 0.91953125 0.453125 0.0609375 0.1625
15 0.2796875 0.6979166666666666 0.1953125 0.21041666666666667
12 0.33203125 0.4322916666666667 0.059375 0.15416666666666667
14 0.71015625 0.47708333333333336 0.1171875 0.13541666666666666
0 0.09375 0.5197916666666667 0.1875 0.19791666666666666
11 0.20390625 0.625 0.028125 0.0375
11 0.2296875 0.6145833333333334 0.0296875 0.041666666666666664
12 0.5125 0.42083333333333334 0.046875 0.1625
9 0.834375 0.4947916666666667 0.096875 0.15833333333333333
0 0.57890625 0.40520833333333334 0.090625 0.22083333333333333
12 0.09375 0.6041666666666666 0.053125 0.20416666666666666
12 0.4859375 0.23020833333333332 0.028125 0.07916666666666666
9 0.9765625 0.4583333333333333 0.046875 0.10833333333333334