4 0.06796875 0.3875 0.1234375 0.12916666666666668
0 0.53515625 0.5177083333333333 0.1640625 0.25625
0 0.80078125 0.709375 0.2671875 0.38125
3 0.96875 0.659375 0.05625 0.48125
0 0.45078125 0.33229166666666665 0.0703125 0.12291666666666666
3 0.3125 0.50625 0.30625 0.5291666666666667
15 0.30546875 0.7447916666666666 0.1890625 0.24375
0 0.38828125 0.2916666666666667 0.0578125 0.07916666666666666
0 0.2984375 0.24270833333333333 0.046875 0.05625
4 0.11796875 0.21875 0.0546875 0.0375
0 0.51015625 0.2791666666666667 0.0421875 0.0875
4 0.025 0.28541666666666665 0.05 0.075
6 0.29453125 0.6489583333333333 0.0546875 0.052083333333333336
12 0.84140625 0.5052083333333334 0.0515625 0.13125
0 0.553125 0.31666666666666665 0.05625 0.0625