10 0.90390625 0.496875 0.0390625 0.1125
0 0.22421875 0.7052083333333333 0.1953125 0.2520833333333333
0 0.3984375 0.6291666666666667 0.1375 0.2
0 0.546875 0.38333333333333336 0.0578125 0.10625
15 0.83671875 0.3625 0.028125 0.075
10 0.73828125 0.425 0.0390625 0.09375
8 0.74453125 0.28541666666666665 0.059375 0.09166666666666666
4 0.5859375 0.7395833333333334 0.203125 0.29375
15 0.6984375 0.5145833333333333 0.0640625 0.12708333333333333
6 0.7015625 0.46458333333333335 0.0203125 0.020833333333333332
15 0.28515625 0.846875 0.1140625 0.18333333333333332
0 0.478125 0.48541666666666666 0.096875 0.16458333333333333
10 0.428125 0.7729166666666667 0.10625 0.16875
12 0.07265625 0.6854166666666667 0.046875 0.11458333333333333
6 0.90546875 0.45 0.0171875 0.01875
10 0.55390625 0.5177083333333333 0.05 0.13541666666666666
0 0.8171875 0.25625 0.0328125 0.03958333333333333
4 0.9859375 0.38229166666666664 0.0265625 0.06666666666666667
12 0.14921875 0.5895833333333333 0.0421875 0.06875
0 0.84140625 0.28125 0.021875 0.04375
11 0.25 0.803125 0.0234375 0.03958333333333333
6 0.26796875 0.7739583333333333 0.0296875 0.03333333333333333
4 0.2265625 0.4708333333333333 0.1375 0.11458333333333333
12 0.24375 0.39375 0.0203125 0.04791666666666667
12 0.14921875 0.49375 0.03125 0.05416666666666667
3 0.65859375 0.38958333333333334 0.1359375 0.24375
10 0.9375 0.44583333333333336 0.0296875 0.08125
12 0.0109375 0.5385416666666667 0.021875 0.07708333333333334
6 0.55859375 0.46145833333333336 0.021875 0.029166666666666667
6 0.93984375 0.41041666666666665 0.009375 0.0125
6 0.4046875 0.7208333333333333 0.021875 0.035416666666666666
6 0.428125 0.68125 0.025 0.03333333333333333
6 0.74140625 0.38333333333333336 0.009375 0.016666666666666666
7 0.54609375 0.8385416666666666 0.04375 0.027083333333333334
7 0.64453125 0.49166666666666664 0.0265625 0.014583333333333334
7 0.546875 0.5479166666666667 0.015625 0.0125
7 0.678125 0.5583333333333333 0.0109375 0.014583333333333334
18 0.34296875 0.484375 0.0828125 0.10833333333333334
11 0.83984375 0.3333333333333333 0.0078125 0.014583333333333334
13 0.9375 0.3697916666666667 0.0328125 0.05416666666666667
13 0.890625 0.33541666666666664 0.0375 0.052083333333333336