0 0.15390625 0.4427083333333333 0.0859375 0.16875
10 0.21015625 0.8875 0.1546875 0.22083333333333333
4 0.17578125 0.24270833333333333 0.0453125 0.05625
10 0.25625 0.4083333333333333 0.0546875 0.10833333333333334
4 0.05859375 0.5177083333333333 0.1171875 0.26458333333333334
10 0.10625 0.2677083333333333 0.046875 0.05625
0 0.24375 0.6197916666666666 0.13125 0.34375
3 0.675 0.65 0.65 0.7
0 0.6 0.278125 0.0625 0.08958333333333333
10 0.21875 0.39375 0.0375 0.11666666666666667
0 0.38828125 0.26666666666666666 0.0390625 0.075