0 0.83515625 0.36875 0.1046875 0.175
0 0.725 0.2635416666666667 0.065625 0.11458333333333333
0 0.65546875 0.5166666666666667 0.1734375 0.2625
4 0.44453125 0.784375 0.3859375 0.4270833333333333
4 0.6984375 0.1875 0.0625 0.0625
12 0.61015625 0.909375 0.1046875 0.17708333333333334
15 0.665625 0.3385416666666667 0.04375 0.11041666666666666
9 0.02890625 0.4375 0.0578125 0.1375
12 0.65 0.7854166666666667 0.06875 0.2
8 0.3125 0.4041666666666667 0.3671875 0.35833333333333334
18 0.8203125 0.76875 0.171875 0.26666666666666666