0 0.96484375 0.5177083333333333 0.06875 0.1375
10 0.8609375 0.675 0.0671875 0.15833333333333333
0 0.5203125 0.35208333333333336 0.053125 0.08541666666666667
15 0.7453125 0.33958333333333335 0.0265625 0.058333333333333334
0 0.7015625 0.3125 0.0390625 0.075
15 0.3796875 0.546875 0.071875 0.16458333333333333
6 0.86484375 0.6114583333333333 0.025 0.029166666666666667
4 0.84765625 0.36666666666666664 0.0578125 0.08541666666666667
0 0.659375 0.29583333333333334 0.0359375 0.06666666666666667
18 0.1625 0.68125 0.125 0.13958333333333334
4 0.85546875 0.49270833333333336 0.0953125 0.16458333333333333
12 0.24375 0.396875 0.0234375 0.052083333333333336
4 0.9375 0.415625 0.06875 0.09583333333333334
18 0.47109375 0.396875 0.0609375 0.08333333333333333
12 0.040625 0.7895833333333333 0.078125 0.16041666666666668
3 0.61875 0.553125 0.2265625 0.35208333333333336
7 0.609375 0.68125 0.0390625 0.01875
7 0.353125 0.59375 0.0109375 0.014583333333333334
7 0.85390625 0.5541666666666667 0.025 0.0125
15 0.925 0.6979166666666666 0.0515625 0.15625
6 0.93828125 0.6270833333333333 0.01875 0.027083333333333334
10 0.95078125 0.6166666666666667 0.03125 0.17291666666666666
6 0.959375 0.559375 0.0125 0.027083333333333334
6 0.95390625 0.5416666666666666 0.0140625 0.022916666666666665
10 0.909375 0.49583333333333335 0.0328125 0.1125
6 0.91875 0.4479166666666667 0.0125 0.01875