4 0.8390625 0.36041666666666666 0.046875 0.075
15 0.8734375 0.684375 0.059375 0.18125
10 0.3765625 0.6770833333333334 0.0734375 0.14791666666666667
0 0.365625 0.54375 0.13125 0.15833333333333333
4 0.5203125 0.5520833333333334 0.178125 0.19166666666666668
0 0.2171875 0.7291666666666666 0.2265625 0.2708333333333333
0 0.065625 0.9135416666666667 0.13125 0.17291666666666666
0 0.9765625 0.47708333333333336 0.0453125 0.10833333333333334
15 0.88359375 0.3875 0.0203125 0.05
0 0.5265625 0.4125 0.0984375 0.10625
7 0.50546875 0.8375 0.271875 0.3229166666666667
0 0.7125 0.2864583333333333 0.0296875 0.052083333333333336
0 0.965625 0.671875 0.0671875 0.28958333333333336
6 0.31171875 0.7604166666666666 0.0328125 0.035416666666666666
4 0.58046875 0.32708333333333334 0.0546875 0.06875
8 0.6453125 0.3541666666666667 0.0796875 0.12291666666666666
6 0.88046875 0.6083333333333333 0.0203125 0.029166666666666667
4 0.6671875 0.5510416666666667 0.140625 0.18958333333333333
10 0.6265625 0.41041666666666665 0.034375 0.09791666666666667
10 0.4578125 0.6625 0.0828125 0.1125
15 0.3828125 0.4395833333333333 0.046875 0.06458333333333334
12 0.01328125 0.5385416666666667 0.025 0.07083333333333333
4 0.921875 0.32916666666666666 0.040625 0.04583333333333333
12 0.16796875 0.5604166666666667 0.0421875 0.06666666666666667
10 0.32578125 0.83125 0.13125 0.18125
4 0.70703125 0.4239583333333333 0.0765625 0.09166666666666666
6 0.453125 0.6229166666666667 0.025 0.027083333333333334
6 0.3640625 0.6208333333333333 0.028125 0.03333333333333333
6 0.3796875 0.6083333333333333 0.0234375 0.029166666666666667
6 0.62421875 0.375 0.0125 0.014583333333333334
6 0.884375 0.35208333333333336 0.0109375 0.0125
7 0.64609375 0.5927083333333333 0.0359375 0.020833333333333332
7 0.47421875 0.5854166666666667 0.034375 0.022916666666666665
7 0.7015625 0.45208333333333334 0.025 0.0125
7 0.446875 0.9583333333333334 0.0515625 0.035416666666666666
7 0.434375 0.7385416666666667 0.01875 0.01875
7 0.3640625 0.7302083333333333 0.015625 0.022916666666666665