0 0.05703125 0.44375 0.0859375 0.19583333333333333
3 0.46015625 0.20625 0.1328125 0.08333333333333333
0 0.678125 0.41041666666666665 0.1 0.15416666666666667
0 0.80078125 0.5416666666666666 0.1859375 0.275
0 0.40078125 0.27395833333333336 0.0546875 0.06875
12 0.05625 0.3177083333333333 0.025 0.06875
3 0.96875 0.69375 0.05625 0.5
3 0.2265625 0.21041666666666667 0.05 0.07083333333333333
0 0.58828125 0.3885416666666667 0.0765625 0.12708333333333333
4 0.9640625 0.43854166666666666 0.06875 0.12291666666666666
12 0.08828125 0.275 0.0203125 0.06666666666666667
10 0.153125 0.3802083333333333 0.0375 0.12291666666666666
3 0.43984375 0.625 0.515625 0.7375