0 0.26875 0.34791666666666665 0.06875 0.1125
4 0.08671875 0.3614583333333333 0.1109375 0.14375
0 0.2 0.36770833333333336 0.05625 0.15625
0 0.06875 0.54375 0.1375 0.2375
0 0.35078125 0.321875 0.0546875 0.09791666666666667
4 0.33671875 0.4739583333333333 0.1796875 0.2520833333333333
3 0.64296875 0.421875 0.3828125 0.35208333333333336
3 0.434375 0.21041666666666667 0.09375 0.075
0 0.19296875 0.2604166666666667 0.0640625 0.07083333333333333
4 0.24296875 0.8010416666666667 0.3796875 0.39375
0 0.3 0.24375 0.0375 0.07083333333333333
12 0.40390625 0.346875 0.0328125 0.10625
4 0.9625 0.428125 0.0734375 0.10833333333333334
4 0.5671875 0.73125 0.4890625 0.5166666666666667