0 0.2984375 0.49166666666666664 0.13125 0.19166666666666668
8 0.15703125 0.7072916666666667 0.3140625 0.39791666666666664
4 0.80546875 0.24895833333333334 0.0578125 0.04375
0 0.41875 0.3302083333333333 0.059375 0.10625
4 0.9546875 0.38125 0.0875 0.0875
0 0.9640625 0.49166666666666664 0.06875 0.19583333333333333
0 0.3546875 0.296875 0.05 0.07708333333333334
15 0.63671875 0.36354166666666665 0.0328125 0.10625
4 0.31015625 0.36666666666666664 0.0828125 0.0875
3 0.7984375 0.3927083333333333 0.20625 0.29791666666666666
15 0.646875 0.24791666666666667 0.021875 0.05
8 0.88984375 0.7291666666666666 0.2203125 0.5416666666666666
4 0.88828125 0.31354166666666666 0.0765625 0.06041666666666667
4 0.59921875 0.18125 0.0265625 0.025
0 0.62890625 0.20416666666666666 0.0203125 0.0375
4 0.43671875 0.40729166666666666 0.0546875 0.15208333333333332
10 0.41953125 0.5489583333333333 0.0546875 0.15625
4 0.74296875 0.20104166666666667 0.0484375 0.03125
15 0.375 0.37916666666666665 0.03125 0.09166666666666666