0 0.08515625 0.5416666666666666 0.1140625 0.18333333333333332
4 0.7625 0.31875 0.10625 0.11666666666666667
4 0.32578125 0.6854166666666667 0.2203125 0.2791666666666667
15 0.209375 0.4666666666666667 0.05 0.10833333333333334
3 0.7671875 0.53125 0.16875 0.3125
12 0.34140625 0.3416666666666667 0.0328125 0.08333333333333333
4 0.95390625 0.38645833333333335 0.0890625 0.09375
15 0.0484375 0.6989583333333333 0.096875 0.20625
4 0.73125 0.23645833333333333 0.05625 0.05625
0 0.41796875 0.31354166666666666 0.0484375 0.10208333333333333
2 0.84296875 0.35625 0.0453125 0.0875
4 0.88671875 0.321875 0.0859375 0.07708333333333334
12 0.26953125 0.45625 0.0296875 0.1
6 0.01015625 0.6177083333333333 0.0203125 0.035416666666666666
7 0.78671875 0.63125 0.0421875 0.020833333333333332
0 0.6359375 0.23020833333333332 0.03125 0.05625
7 0.28984375 0.778125 0.04375 0.020833333333333332
3 0.6703125 0.39479166666666665 0.075 0.15208333333333332