0 0.13203125 0.8729166666666667 0.2640625 0.25416666666666665
0 0.6328125 0.35208333333333336 0.0484375 0.09791666666666667
15 0.85546875 0.6583333333333333 0.0453125 0.13541666666666666
8 0.4234375 0.6010416666666667 0.1953125 0.23125
18 0.3609375 0.5239583333333333 0.1078125 0.11458333333333333
0 0.8625 0.4979166666666667 0.06875 0.14166666666666666
0 0.73046875 0.4010416666666667 0.053125 0.1125
0 0.95078125 0.5114583333333333 0.0953125 0.15625
4 0.2234375 0.4708333333333333 0.140625 0.11458333333333333
12 0.246875 0.38958333333333334 0.021875 0.03958333333333333
0 0.51796875 0.4166666666666667 0.075 0.1375
10 0.38125 0.8802083333333334 0.103125 0.2
10 0.82890625 0.4197916666666667 0.0359375 0.0625
15 0.959375 0.6822916666666666 0.046875 0.11666666666666667
10 0.6703125 0.37916666666666665 0.028125 0.07708333333333334
15 0.46015625 0.96875 0.0953125 0.06041666666666667
6 0.96796875 0.6552083333333333 0.015625 0.025
6 0.96796875 0.63125 0.01875 0.01875
11 0.865625 0.6 0.01875 0.020833333333333332
6 0.4484375 0.9479166666666666 0.0390625 0.041666666666666664
18 0.55234375 0.33229166666666665 0.0359375 0.052083333333333336
12 0.2921875 0.4 0.021875 0.05625
12 0.1453125 0.6 0.0375 0.06875
15 0.58203125 0.37916666666666665 0.0296875 0.08333333333333333
7 0.36015625 0.9395833333333333 0.021875 0.01875
8 0.5515625 0.6989583333333333 0.2640625 0.39166666666666666
7 0.53515625 0.8635416666666667 0.05 0.025
4 0.896875 0.8958333333333334 0.16875 0.20833333333333334