0 0.70703125 0.35208333333333336 0.04375 0.09583333333333334
10 0.4921875 0.48125 0.0578125 0.12083333333333333
8 0.64375 0.35520833333333335 0.053125 0.0875
4 0.709375 0.2760416666666667 0.0453125 0.058333333333333334
18 0.3625 0.525 0.1078125 0.11458333333333333
6 0.49296875 0.428125 0.0203125 0.020833333333333332
4 0.853125 0.403125 0.0578125 0.08541666666666667
18 0.16484375 0.6875 0.121875 0.13958333333333334
10 0.746875 0.328125 0.01875 0.05
12 0.1390625 0.56875 0.04375 0.09791666666666667
0 0.65859375 0.29583333333333334 0.034375 0.05416666666666667
4 0.553125 0.7270833333333333 0.2296875 0.29791666666666666
10 0.97265625 0.8572916666666667 0.0546875 0.22083333333333333
8 0.96171875 0.55 0.0765625 0.25
0 0.96953125 0.41770833333333335 0.0578125 0.07083333333333333
0 0.7546875 0.290625 0.03125 0.05416666666666667
18 0.89765625 0.6322916666666667 0.109375 0.24166666666666667
4 0.859375 0.5229166666666667 0.08125 0.1625
0 0.1734375 0.86875 0.3140625 0.2625
7 0.50625 0.8354166666666667 0.04375 0.029166666666666667