0 0.4015625 0.58125 0.1375 0.21041666666666667
0 0.11015625 0.8479166666666667 0.2203125 0.30416666666666664
18 0.45 0.425 0.0671875 0.075
8 0.678125 0.49895833333333334 0.121875 0.23125
15 0.5625 0.5895833333333333 0.065625 0.15208333333333332
15 0.7078125 0.3125 0.0234375 0.05
3 0.9203125 0.7 0.159375 0.53125
15 0.73671875 0.31875 0.0203125 0.04583333333333333
0 0.82578125 0.3416666666666667 0.03125 0.06041666666666667
0 0.73125 0.2760416666666667 0.025 0.05
12 0.2796875 0.5791666666666667 0.0453125 0.11666666666666667
6 0.56171875 0.5270833333333333 0.021875 0.020833333333333332
9 0.33515625 0.403125 0.0640625 0.05625
7 0.903125 0.925 0.0546875 0.0125
12 0.903125 0.31875 0.0171875 0.04583333333333333
12 0.0828125 0.45 0.0234375 0.05
12 0.15234375 0.5552083333333333 0.0421875 0.11041666666666666
12 0.5046875 0.375 0.021875 0.07708333333333334
0 0.6828125 0.2625 0.021875 0.04375
0 0.878125 0.36041666666666666 0.040625 0.07708333333333334
0 0.603125 0.42916666666666664 0.075 0.12083333333333333
7 0.540625 0.6354166666666666 0.015625 0.0125
7 0.66953125 0.5708333333333333 0.0296875 0.0125
7 0.59453125 0.46979166666666666 0.0109375 0.008333333333333333