0 0.15546875 0.6645833333333333 0.1609375 0.23125
10 0.7109375 0.31145833333333334 0.0203125 0.04791666666666667
10 0.86015625 0.39375 0.0265625 0.075
15 0.85546875 0.6270833333333333 0.053125 0.17291666666666666
0 0.821875 0.29375 0.0359375 0.05625
12 0.203125 0.39166666666666666 0.021875 0.04583333333333333
12 0.13828125 0.509375 0.03125 0.075
6 0.86328125 0.553125 0.01875 0.020833333333333332
12 0.23046875 0.384375 0.021875 0.05625
10 0.74375 0.3104166666666667 0.0203125 0.04791666666666667
10 0.6203125 0.3375 0.021875 0.04583333333333333
18 0.3640625 0.521875 0.1140625 0.11458333333333333
18 0.475 0.4322916666666667 0.0671875 0.075
0 0.6140625 0.42291666666666666 0.0703125 0.12708333333333333
0 0.97421875 0.5479166666666667 0.0515625 0.19375
6 0.8640625 0.3625 0.0078125 0.0125