0 0.7 0.3458333333333333 0.09375 0.13333333333333333
0 0.64609375 0.51875 0.1625 0.24583333333333332
0 0.20859375 0.35104166666666664 0.0609375 0.13125
3 0.7953125 0.7854166666666667 0.409375 0.42916666666666664
3 0.896875 0.534375 0.20625 0.3854166666666667
3 0.6171875 0.23229166666666667 0.1015625 0.09166666666666666
3 0.40859375 0.3770833333333333 0.246875 0.275
0 0.775 0.45729166666666665 0.1125 0.18333333333333332
6 0.33984375 0.609375 0.0359375 0.04375
0 0.1953125 0.2677083333333333 0.0875 0.08125
10 0.365625 0.8895833333333333 0.1625 0.22083333333333333
4 0.26484375 0.3229166666666667 0.046875 0.10625
10 0.103125 0.578125 0.0640625 0.23333333333333334
12 0.10546875 0.37395833333333334 0.028125 0.10416666666666667
15 0.34375 0.7135416666666666 0.0984375 0.25
7 0.4734375 0.49375 0.04375 0.022916666666666665
12 0.1171875 0.2520833333333333 0.0234375 0.041666666666666664
6 0.36640625 0.8572916666666667 0.0515625 0.0625
6 0.3375 0.8177083333333334 0.04375 0.05
6 0.09609375 0.48854166666666665 0.0234375 0.03958333333333333