0 0.51953125 0.6552083333333333 0.0734375 0.16875
10 0.45234375 0.7 0.04375 0.1375
0 0.0953125 0.9145833333333333 0.153125 0.17083333333333334
0 0.209375 0.803125 0.11875 0.22083333333333333
10 0.321875 0.9552083333333333 0.0765625 0.08958333333333333
4 0.3734375 0.5177083333333333 0.0734375 0.07708333333333334
0 0.4921875 0.5385416666666667 0.0546875 0.10416666666666667
15 0.353125 0.8666666666666667 0.065625 0.16666666666666666
12 0.32265625 0.709375 0.0375 0.13333333333333333
6 0.3515625 0.7947916666666667 0.025 0.027083333333333334
6 0.45234375 0.6416666666666667 0.0171875 0.020833333333333332
14 0.71015625 0.8833333333333333 0.128125 0.10208333333333333
14 0.70625 0.7614583333333333 0.096875 0.08125