3 0.88984375 0.596875 0.2203125 0.46041666666666664
12 0.67890625 0.4625 0.0515625 0.15416666666666667
0 0.2125 0.35520833333333335 0.08125 0.13125
3 0.37890625 0.384375 0.2640625 0.29375
0 0.01484375 0.28020833333333334 0.0296875 0.07291666666666667
0 0.56640625 0.39895833333333336 0.1109375 0.15625
0 0.68125 0.36041666666666666 0.1 0.14166666666666666
8 0.21640625 0.6510416666666666 0.3328125 0.5729166666666666
0 0.20078125 0.25625 0.0640625 0.058333333333333334
12 0.62421875 0.45729166666666665 0.0390625 0.16041666666666668
0 0.07265625 0.26979166666666665 0.0890625 0.07708333333333334
7 0.28125 0.8635416666666667 0.075 0.03958333333333333
0 0.51953125 0.28229166666666666 0.0515625 0.09791666666666667
4 0.3796875 0.22916666666666666 0.0625 0.041666666666666664
12 0.0609375 0.34375 0.046875 0.10833333333333334