3 0.62265625 0.47291666666666665 0.4375 0.39375
0 0.3828125 0.6166666666666667 0.20625 0.28125
12 0.35546875 0.4479166666666667 0.0421875 0.07083333333333333
10 0.1765625 0.534375 0.071875 0.20208333333333334
4 0.384375 0.34270833333333334 0.0609375 0.1125
4 0.43203125 0.8489583333333334 0.4390625 0.3020833333333333
0 0.2671875 0.25104166666666666 0.0625 0.06666666666666667
12 0.31015625 0.3302083333333333 0.0203125 0.09375
12 0.63046875 0.4583333333333333 0.0265625 0.04791666666666667
4 0.21171875 0.2635416666666667 0.053125 0.052083333333333336
12 0.05546875 0.37083333333333335 0.025 0.10208333333333333
15 0.103125 0.321875 0.0265625 0.06666666666666667
12 0.88515625 0.5177083333333333 0.04375 0.17291666666666666
3 0.61640625 0.23541666666666666 0.0984375 0.10416666666666667
10 0.95 0.45 0.0640625 0.10625
6 0.17109375 0.4583333333333333 0.021875 0.03333333333333333
6 0.16328125 0.4395833333333333 0.025 0.025
12 0.1921875 0.32916666666666666 0.0328125 0.08333333333333333