4 0.91640625 0.6604166666666667 0.1640625 0.32083333333333336
0 0.81015625 0.40520833333333334 0.0921875 0.17708333333333334
4 0.68125 0.4010416666666667 0.10625 0.14375
0 0.3 0.759375 0.184375 0.39375
0 0.7140625 0.32916666666666666 0.0625 0.1
15 0.42578125 0.46145833333333336 0.0453125 0.13541666666666666
3 0.296875 0.4114583333333333 0.23125 0.29375
10 0.371875 0.5375 0.05625 0.12083333333333333
4 0.628125 0.26875 0.059375 0.075
0 0.734375 0.7354166666666667 0.153125 0.4166666666666667
6 0.42421875 0.40520833333333334 0.0171875 0.01875