0 0.06796875 0.2635416666666667 0.0734375 0.07291666666666667
14 0.94453125 0.5489583333333333 0.1109375 0.14375
0 0.18671875 0.24270833333333333 0.0421875 0.06041666666666667
4 0.0421875 0.3927083333333333 0.084375 0.15625
0 0.74296875 0.915625 0.3890625 0.16458333333333333
0 0.77578125 0.40625 0.1203125 0.16666666666666666
4 0.26796875 0.23645833333333333 0.0671875 0.04791666666666667
3 0.5265625 0.40625 0.38125 0.3125
12 0.41796875 0.4864583333333333 0.0484375 0.17291666666666666
12 0.215625 0.37916666666666665 0.03125 0.11666666666666667
12 0.14296875 0.3875 0.0359375 0.12916666666666668
0 0.30703125 0.34479166666666666 0.0703125 0.12291666666666666
12 0.2546875 0.3927083333333333 0.040625 0.13125
12 0.3609375 0.4791666666666667 0.05625 0.1875
3 0.5796875 0.240625 0.10625 0.10208333333333333
12 0.96015625 0.8177083333333334 0.0765625 0.26875
12 0.8671875 0.5427083333333333 0.046875 0.15625
12 0.22421875 0.6864583333333333 0.0734375 0.16458333333333333
0 0.640625 0.7135416666666666 0.33125 0.33125
12 0.271875 0.8614583333333333 0.10625 0.2604166666666667