4 0.225 0.3 0.0875 0.0875
3 0.553125 0.4708333333333333 0.4546875 0.4125
6 0.24375 0.46145833333333336 0.0296875 0.0375
12 0.2546875 0.40625 0.03125 0.125
15 0.59765625 0.7729166666666667 0.1625 0.26666666666666666
4 0.2859375 0.234375 0.075 0.05625
10 0.24609375 0.5479166666666667 0.0625 0.1875
0 0.15 0.3927083333333333 0.08125 0.16041666666666668
4 0.1109375 0.540625 0.153125 0.23541666666666666
12 0.32421875 0.546875 0.0484375 0.17708333333333334
12 0.815625 0.46875 0.040625 0.1375
0 0.91953125 0.6666666666666666 0.1578125 0.35625
6 0.59296875 0.6666666666666666 0.0390625 0.052083333333333336
0 0.30625 0.37395833333333334 0.05 0.13541666666666666
0 0.08125 0.29791666666666666 0.0609375 0.09583333333333334