0 0.5234375 0.45 0.16875 0.225
12 0.66171875 0.521875 0.0515625 0.18125
0 0.115625 0.3541666666666667 0.08125 0.125
15 0.353125 0.9125 0.190625 0.17083333333333334
0 0.375 0.34270833333333334 0.0625 0.13541666666666666
0 0.4359375 0.3104166666666667 0.059375 0.075
0 0.89296875 0.5916666666666667 0.2078125 0.30833333333333335
8 0.12734375 0.6822916666666666 0.2546875 0.59375
0 0.16796875 0.2604166666666667 0.0765625 0.09166666666666666
0 0.690625 0.4479166666666667 0.128125 0.19583333333333333
12 0.0484375 0.278125 0.034375 0.06041666666666667
3 0.28203125 0.446875 0.2109375 0.3729166666666667
6 0.37109375 0.9333333333333333 0.0546875 0.06875
6 0.32734375 0.86875 0.05625 0.0625