0 0.74375 0.475 0.1625 0.17916666666666667
0 0.54375 0.409375 0.1125 0.13958333333333334
0 0.79921875 0.7104166666666667 0.2609375 0.38333333333333336
4 0.42265625 0.22916666666666666 0.0546875 0.05
3 0.971875 0.6677083333333333 0.053125 0.46875
10 0.6046875 0.5135416666666667 0.08125 0.15625
10 0.075 0.6104166666666667 0.06875 0.22083333333333333
4 0.36171875 0.26875 0.0890625 0.075
10 0.11640625 0.26666666666666666 0.0359375 0.04583333333333333
6 0.07265625 0.51875 0.0265625 0.041666666666666664
0 0.4515625 0.3489583333333333 0.071875 0.14791666666666667
10 0.9171875 0.5302083333333333 0.125 0.20625
15 0.05078125 0.26875 0.0421875 0.04583333333333333
3 0.325 0.49375 0.31875 0.5041666666666667
0 0.9640625 0.43020833333333336 0.06875 0.10625
7 0.35703125 0.6510416666666666 0.0359375 0.035416666666666666