0 0.14140625 0.4666666666666667 0.1296875 0.19583333333333333
0 0.64375 0.6197916666666666 0.24375 0.3229166666666667
3 0.371875 0.36875 0.29375 0.275
10 0.33671875 0.6302083333333334 0.1234375 0.2520833333333333
4 0.07421875 0.296875 0.0921875 0.08125
0 0.76015625 0.38645833333333335 0.1234375 0.15625
15 0.52421875 0.8375 0.1546875 0.30833333333333335
0 0.85 0.690625 0.184375 0.40208333333333335
3 0.6171875 0.2375 0.075 0.1125
4 0.2140625 0.7760416666666666 0.325 0.4395833333333333
0 0.02265625 0.4552083333333333 0.0453125 0.20625
15 0.08046875 0.36770833333333336 0.0609375 0.09375
3 0.6125 0.29375 0.06875 0.1
6 0.52421875 0.728125 0.0421875 0.05
6 0.490625 0.7041666666666667 0.03125 0.05416666666666667
6 0.33671875 0.5354166666666667 0.034375 0.05416666666666667
7 0.31015625 0.95 0.0703125 0.05416666666666667