10 0.67109375 0.9510416666666667 0.09375 0.09791666666666667
0 0.209375 0.7583333333333333 0.11875 0.125
4 0.371875 0.5177083333333333 0.075 0.075
8 0.43671875 0.4479166666666667 0.053125 0.1
0 0.37734375 0.8864583333333333 0.1 0.21041666666666667
0 0.13984375 0.9 0.1125 0.19583333333333333
15 0.4828125 0.8895833333333333 0.0546875 0.175
0 0.375 0.7166666666666667 0.0796875 0.15416666666666667
14 0.79375 0.965625 0.125 0.06875
14 0.71875 0.8791666666666667 0.1390625 0.09166666666666666
14 0.7140625 0.7895833333333333 0.10625 0.06458333333333334
14 0.040625 0.915625 0.08125 0.1375
9 0.25625 0.675 0.0796875 0.06666666666666667
9 0.2671875 0.603125 0.0703125 0.0625
9 0.6703125 0.7072916666666667 0.0984375 0.075
0 0.53203125 0.6041666666666666 0.053125 0.14166666666666666