15 0.15859375 0.71875 0.18125 0.21666666666666667
12 0.325 0.415625 0.053125 0.1375
0 0.0953125 0.5104166666666666 0.190625 0.18333333333333332
0 0.5796875 0.40625 0.090625 0.22083333333333333
12 0.69296875 0.4791666666666667 0.0671875 0.13958333333333334
12 0.45546875 0.5697916666666667 0.0578125 0.20208333333333334
10 0.77578125 0.6489583333333333 0.2015625 0.20833333333333334
9 0.83515625 0.4979166666666667 0.090625 0.15208333333333332
14 0.91484375 0.4510416666666667 0.065625 0.16458333333333333
9 0.97578125 0.4427083333333333 0.0484375 0.10833333333333334
10 0.07890625 0.85625 0.1578125 0.25833333333333336
12 0.35390625 0.3385416666666667 0.0453125 0.10625
11 0.75234375 0.5614583333333333 0.0359375 0.05
11 0.70625 0.5572916666666666 0.0328125 0.04375
11 0.03046875 0.7489583333333333 0.03125 0.03958333333333333
11 0.0796875 0.6291666666666667 0.021875 0.04375
11 0.10859375 0.6322916666666667 0.028125 0.03958333333333333