0 0.1515625 0.6645833333333333 0.16875 0.23125
0 0.684375 0.284375 0.0328125 0.05625
0 0.73671875 0.2625 0.028125 0.05
15 0.2515625 0.8822916666666667 0.1234375 0.21041666666666667
15 0.8765625 0.3416666666666667 0.0203125 0.05416666666666667
12 0.115625 0.4739583333333333 0.0265625 0.052083333333333336
12 0.521875 0.3572916666666667 0.021875 0.06041666666666667
0 0.6390625 0.3229166666666667 0.0453125 0.03958333333333333
4 0.85859375 0.43645833333333334 0.071875 0.12291666666666666
13 0.934375 0.38229166666666664 0.0375 0.06666666666666667
4 0.8328125 0.30833333333333335 0.04375 0.06666666666666667
12 0.259375 0.4041666666666667 0.03125 0.06666666666666667
6 0.2203125 0.7895833333333333 0.0296875 0.027083333333333334
18 0.3578125 0.5270833333333333 0.1 0.11041666666666666
3 0.56328125 0.5625 0.3046875 0.4583333333333333
12 0.28984375 0.39791666666666664 0.0234375 0.06666666666666667
15 0.984375 0.5895833333333333 0.03125 0.13541666666666666
15 0.896875 0.3770833333333333 0.0203125 0.06458333333333334
0 0.89609375 0.2916666666666667 0.0265625 0.04375
12 0.01484375 0.5427083333333333 0.0296875 0.08333333333333333
12 0.33828125 0.4666666666666667 0.03125 0.06041666666666667
18 0.4875 0.3885416666666667 0.0625 0.07083333333333333
12 0.00859375 0.6010416666666667 0.0171875 0.09375
7 0.50625 0.7291666666666666 0.040625 0.025
7 0.86484375 0.47604166666666664 0.01875 0.0125
8 0.921875 0.8020833333333334 0.15625 0.3958333333333333