8 0.40546875 0.39166666666666666 0.1140625 0.19166666666666668
0 0.0796875 0.6104166666666667 0.1375 0.21458333333333332
0 0.79296875 0.54375 0.1109375 0.225
3 0.915625 0.6729166666666667 0.16875 0.65
15 0.24375 0.546875 0.0625 0.14791666666666667
0 0.8203125 0.37395833333333334 0.06875 0.10625
15 0.22890625 0.7166666666666667 0.0953125 0.225
6 0.23515625 0.4864583333333333 0.0234375 0.03125
6 0.21015625 0.625 0.0328125 0.0375
3 0.70703125 0.3729166666666667 0.1765625 0.275
4 0.74453125 0.2125 0.0609375 0.05416666666666667
12 0.3921875 0.26875 0.028125 0.058333333333333334