0 0.5203125 0.5427083333333333 0.1125 0.2
18 0.29375 0.565625 0.096875 0.10833333333333334
15 0.6390625 0.42916666666666664 0.0421875 0.08541666666666667
4 0.71953125 0.37604166666666666 0.0625 0.08958333333333333
15 0.4453125 0.7239583333333334 0.0859375 0.18125
15 0.4359375 0.5 0.0609375 0.1125
3 0.5703125 0.7510416666666667 0.221875 0.3458333333333333
15 0.5796875 0.4114583333333333 0.0359375 0.07083333333333333
4 0.63984375 0.5385416666666667 0.1375 0.13541666666666666
15 0.009375 0.6020833333333333 0.01875 0.0625
12 0.1 0.45625 0.0234375 0.05
10 0.06484375 0.9197916666666667 0.125 0.15625
0 0.64453125 0.28020833333333334 0.0328125 0.04375
12 0.07265625 0.4666666666666667 0.0234375 0.0375
6 0.446875 0.64375 0.03125 0.035416666666666666
12 0.32265625 0.4875 0.03125 0.06041666666666667
4 0.5796875 0.32395833333333335 0.0515625 0.0625
12 0.4890625 0.35208333333333336 0.01875 0.05416666666666667
12 0.0046875 0.5239583333333333 0.009375 0.0625
10 0.85078125 0.29791666666666666 0.0171875 0.03125
4 0.821875 0.2833333333333333 0.0328125 0.04583333333333333
7 0.53359375 0.85625 0.05625 0.03125
7 0.41953125 0.7864583333333334 0.0171875 0.016666666666666666
7 0.5015625 0.6114583333333333 0.0140625 0.016666666666666666
7 0.71875 0.39895833333333336 0.01875 0.014583333333333334
7 0.365625 0.6885416666666667 0.0140625 0.0125
8 0.22265625 0.7875 0.2484375 0.3416666666666667
12 0.1875 0.5947916666666667 0.0296875 0.13333333333333333