3 0.0859375 0.509375 0.16875 0.48541666666666666
10 0.29453125 0.8677083333333333 0.1578125 0.25625
0 0.59921875 0.3177083333333333 0.0578125 0.10625
0 0.1875 0.4041666666666667 0.075 0.175
3 0.6046875 0.23020833333333332 0.109375 0.09791666666666667
4 0.23671875 0.26979166666666665 0.0765625 0.06458333333333334
3 0.63046875 0.6510416666666666 0.7390625 0.6979166666666666
0 0.68203125 0.38125 0.0734375 0.10833333333333334
0 0.4421875 0.2989583333333333 0.0625 0.06458333333333334
4 0.1328125 0.23020833333333332 0.04375 0.04375
15 0.0453125 0.85625 0.090625 0.2833333333333333
0 0.534375 0.29791666666666666 0.05 0.07916666666666666
4 0.4 0.21979166666666666 0.05 0.04791666666666667
6 0.2796875 0.8083333333333333 0.0390625 0.058333333333333334
6 0.24609375 0.7729166666666667 0.0359375 0.04375