4 0.43203125 0.5510416666666667 0.1734375 0.1625
12 0.11953125 0.475 0.0296875 0.058333333333333334
4 0.890625 0.7458333333333333 0.125 0.23125
15 0.73515625 0.3416666666666667 0.0265625 0.04791666666666667
10 0.5984375 0.296875 0.025 0.04375
18 0.54765625 0.3375 0.04375 0.058333333333333334
0 0.6734375 0.2604166666666667 0.0234375 0.04583333333333333
12 0.37421875 0.4125 0.0328125 0.0875
18 0.19921875 0.65 0.1140625 0.12083333333333333
13 0.6484375 0.29375 0.0234375 0.052083333333333336
6 0.42578125 0.30104166666666665 0.0234375 0.020833333333333332
4 0.71015625 0.41354166666666664 0.0828125 0.10625
4 0.7359375 0.3020833333333333 0.0421875 0.052083333333333336
4 0.85234375 0.41770833333333335 0.065625 0.08333333333333333
12 0.3203125 0.4510416666666667 0.0484375 0.09583333333333334
0 0.6859375 0.31875 0.0359375 0.08125
4 0.853125 0.5270833333333333 0.0875 0.16875
4 0.215625 0.47291666666666665 0.125 0.12916666666666668
8 0.3984375 0.821875 0.403125 0.3541666666666667
7 0.38515625 0.6072916666666667 0.025 0.016666666666666666
7 0.70390625 0.4322916666666667 0.0203125 0.010416666666666666
7 0.85546875 0.590625 0.025 0.0125
4 0.925 0.4510416666666667 0.0640625 0.11875
7 0.934375 0.49270833333333336 0.0171875 0.0125