0 0.7234375 0.5177083333333333 0.153125 0.28541666666666665
0 0.3828125 0.76875 0.3171875 0.4625
0 0.5890625 0.503125 0.175 0.27291666666666664
10 0.22890625 0.4666666666666667 0.1234375 0.16875
0 0.85625 0.3885416666666667 0.09375 0.17916666666666667
12 0.7828125 0.753125 0.0640625 0.23541666666666666
12 0.14609375 0.3875 0.03125 0.07916666666666666
0 0.72890625 0.23854166666666668 0.040625 0.0875
12 0.1953125 0.38645833333333335 0.034375 0.075
12 0.8609375 0.5010416666666667 0.0546875 0.14375
12 0.91796875 0.8802083333333334 0.0890625 0.18333333333333332
12 0.22109375 0.36354166666666665 0.0359375 0.09166666666666666
12 0.17578125 0.6833333333333333 0.0703125 0.21041666666666667
12 0.08515625 0.7541666666666667 0.109375 0.25