0 0.7078125 0.44895833333333335 0.109375 0.19375
0 0.38046875 0.35625 0.0890625 0.15
3 0.2546875 0.325 0.13125 0.225
0 0.91640625 0.8072916666666666 0.1640625 0.38125
0 0.11015625 0.31666666666666665 0.0703125 0.1375
0 0.46015625 0.35520833333333335 0.0765625 0.12291666666666666
4 0.41953125 0.746875 0.4453125 0.5020833333333333
0 0.5109375 0.28020833333333334 0.05 0.09375
10 0.50078125 0.425 0.0765625 0.1625
4 0.36171875 0.24270833333333333 0.0765625 0.06875
10 0.08515625 0.5364583333333334 0.0671875 0.20625
0 0.56953125 0.359375 0.0765625 0.09375
4 0.1734375 0.28020833333333334 0.0625 0.08541666666666667
6 0.08125 0.4583333333333333 0.01875 0.03333333333333333
6 0.07265625 0.4427083333333333 0.0171875 0.022916666666666665
0 0.6140625 0.5458333333333333 0.1296875 0.27708333333333335