10 0.96484375 0.45 0.0328125 0.07916666666666666
3 0.721875 0.3177083333333333 0.090625 0.14583333333333334
8 0.8265625 0.30625 0.040625 0.07916666666666666
6 0.5 0.5125 0.025 0.027083333333333334
18 0.3546875 0.49895833333333334 0.103125 0.13541666666666666
15 0.89609375 0.6333333333333333 0.053125 0.16458333333333333
18 0.21875 0.6 0.109375 0.18541666666666667
0 0.6359375 0.3229166666666667 0.040625 0.07083333333333333
10 0.88125 0.37916666666666665 0.025 0.06875
15 0.496875 0.5739583333333333 0.0703125 0.15208333333333332
4 0.56640625 0.33125 0.0734375 0.07291666666666667
15 0.9203125 0.44375 0.025 0.08333333333333333
12 0.24296875 0.39375 0.0234375 0.05625
4 0.959375 0.35104166666666664 0.0578125 0.052083333333333336
15 0.6375 0.36354166666666665 0.028125 0.07291666666666667
4 0.865625 0.48020833333333335 0.078125 0.14583333333333334
6 0.9046875 0.5708333333333333 0.015625 0.025
4 0.66953125 0.45416666666666666 0.09375 0.12083333333333333
7 0.65703125 0.4864583333333333 0.0234375 0.0125
7 0.7171875 0.346875 0.0125 0.0125
7 0.55390625 0.3458333333333333 0.015625 0.008333333333333333
6 0.63984375 0.33229166666666665 0.0125 0.0125
7 0.8703125 0.5322916666666667 0.0234375 0.014583333333333334
6 0.921875 0.41041666666666665 0.0109375 0.014583333333333334
6 0.96796875 0.41770833333333335 0.009375 0.014583333333333334
6 0.88359375 0.3489583333333333 0.0078125 0.0125
12 0.48203125 0.37083333333333335 0.015625 0.07916666666666666
14 0.0296875 0.6333333333333333 0.059375 0.11875
12 0.165625 0.5177083333333333 0.0359375 0.09791666666666667