3 0.66875 0.5291666666666667 0.121875 0.19375
4 0.840625 0.3645833333333333 0.0546875 0.06875
15 0.5546875 0.8854166666666666 0.0984375 0.21041666666666667
10 0.5515625 0.46770833333333334 0.0484375 0.12291666666666666
18 0.2 0.65 0.1109375 0.1125
4 0.69765625 0.39166666666666666 0.0859375 0.09583333333333334
4 0.88984375 0.7489583333333333 0.13125 0.3125
13 0.678125 0.31354166666666666 0.0234375 0.058333333333333334
18 0.36015625 0.5302083333333333 0.1015625 0.11458333333333333
4 0.7375 0.3145833333333333 0.05 0.06458333333333334
12 0.38515625 0.434375 0.03125 0.075
13 0.65 0.3104166666666667 0.025 0.05
15 0.9421875 0.5583333333333333 0.0390625 0.08958333333333333
4 0.85859375 0.46979166666666666 0.0890625 0.15833333333333333
4 0.51953125 0.3927083333333333 0.0828125 0.09375
4 0.23203125 0.8895833333333333 0.4109375 0.21875
6 0.55546875 0.409375 0.0140625 0.014583333333333334
7 0.65546875 0.5739583333333333 0.0328125 0.016666666666666666
7 0.8640625 0.5291666666666667 0.025 0.0125
7 0.89140625 0.8822916666666667 0.0359375 0.016666666666666666
6 0.5515625 0.8072916666666666 0.0265625 0.04791666666666667
7 0.68828125 0.4010416666666667 0.021875 0.0125
7 0.509375 0.4197916666666667 0.01875 0.010416666666666666
12 0.0515625 0.721875 0.0515625 0.14583333333333334
12 0.09296875 0.659375 0.0453125 0.14166666666666666
12 0.2484375 0.5322916666666667 0.0296875 0.12083333333333333
12 0.1625 0.5385416666666667 0.0359375 0.09375
12 0.059375 0.58125 0.034375 0.11666666666666667
12 0.02578125 0.5666666666666667 0.0328125 0.10833333333333334
12 0.26640625 0.4979166666666667 0.03125 0.11666666666666667
14 0.0359375 0.6375 0.059375 0.1125