10 0.1796875 0.6197916666666666 0.08125 0.24375
12 0.41875 0.6541666666666667 0.06875 0.23333333333333334
12 0.86640625 0.44166666666666665 0.0328125 0.12083333333333333
0 0.91484375 0.803125 0.1671875 0.38958333333333334
3 0.54140625 0.51875 0.4828125 0.4791666666666667
4 0.96328125 0.43125 0.0703125 0.10833333333333334
0 0.2171875 0.25625 0.06875 0.075
12 0.29765625 0.5604166666666667 0.0640625 0.2125
6 0.08203125 0.46770833333333334 0.0265625 0.03125
15 0.07578125 0.5489583333333333 0.0609375 0.19791666666666666
3 0.61640625 0.24375 0.0828125 0.1125
10 0.14375 0.3885416666666667 0.04375 0.13958333333333334
6 0.18046875 0.5166666666666667 0.0296875 0.0375
6 0.425 0.8916666666666667 0.05625 0.06666666666666667
0 0.52421875 0.2625 0.0484375 0.09166666666666666