0 0.384375 0.48020833333333335 0.14375 0.23125
4 0.203125 0.41770833333333335 0.1109375 0.16041666666666668
12 0.68671875 0.47708333333333336 0.0453125 0.14375
0 0.30078125 0.2635416666666667 0.0375 0.07708333333333334
3 0.8703125 0.5614583333333333 0.259375 0.44166666666666665
3 0.6140625 0.23333333333333334 0.1015625 0.09791666666666667
12 0.03359375 0.31354166666666666 0.028125 0.07708333333333334
0 0.38046875 0.31666666666666665 0.05625 0.10833333333333334
0 0.11015625 0.26979166666666665 0.0625 0.07291666666666667
0 0.70625 0.34791666666666665 0.1171875 0.1375
10 0.05859375 0.5635416666666667 0.053125 0.22083333333333333
4 0.37734375 0.7958333333333333 0.3671875 0.4083333333333333
12 0.45078125 0.4270833333333333 0.0390625 0.12291666666666666
15 0.178125 0.5770833333333333 0.0796875 0.20208333333333334
10 0.25859375 0.33958333333333335 0.0359375 0.09791666666666667
12 0.5171875 0.39791666666666664 0.03125 0.10625
12 0.58984375 0.42916666666666664 0.0390625 0.12708333333333333
6 0.05703125 0.46770833333333334 0.0234375 0.025
6 0.16875 0.4979166666666667 0.028125 0.035416666666666666