0 0.44609375 0.5614583333333333 0.1359375 0.19375
0 0.97109375 0.6291666666666667 0.0578125 0.24375
3 0.71796875 0.28125 0.0765625 0.10833333333333334
10 0.940625 0.43854166666666666 0.034375 0.07291666666666667
6 0.55234375 0.48125 0.0203125 0.025
3 0.628125 0.39166666666666666 0.08125 0.12708333333333333
0 0.915625 0.3802083333333333 0.053125 0.08125
4 0.59296875 0.6958333333333333 0.20625 0.27708333333333335
15 0.553125 0.5333333333333333 0.0515625 0.13125
15 0.55 0.3958333333333333 0.0390625 0.0875
4 0.47421875 0.66875 0.0703125 0.175
15 0.85078125 0.33645833333333336 0.0203125 0.052083333333333336
10 0.81953125 0.4125 0.028125 0.06875
10 0.7328125 0.45729166666666665 0.0453125 0.10833333333333334
0 0.815625 0.26875 0.028125 0.04375
4 0.71171875 0.40208333333333335 0.0734375 0.0875
15 0.725 0.3416666666666667 0.0265625 0.04375
0 0.309375 0.8916666666666667 0.2375 0.21458333333333332
15 0.49609375 0.4635416666666667 0.0609375 0.09583333333333334
6 0.48359375 0.42604166666666665 0.025 0.020833333333333332
4 0.9859375 0.38125 0.0265625 0.0625
12 0.10546875 0.48541666666666666 0.025 0.04375
0 0.6484375 0.30104166666666665 0.0328125 0.052083333333333336
6 0.59375 0.44479166666666664 0.015625 0.01875
4 0.8734375 0.5291666666666667 0.1109375 0.22083333333333333
10 0.5953125 0.4864583333333333 0.04375 0.10625
10 0.8328125 0.3145833333333333 0.015625 0.03958333333333333
12 0.24375 0.39375 0.01875 0.05
6 0.546875 0.3625 0.0140625 0.01875
18 0.3375 0.47708333333333336 0.0796875 0.12291666666666666
12 0.428125 0.3958333333333333 0.0265625 0.08125
7 0.41328125 0.625 0.0171875 0.016666666666666666
6 0.475 0.5989583333333334 0.028125 0.035416666666666666
15 0.87734375 0.40625 0.03125 0.052083333333333336
7 0.5515625 0.8052083333333333 0.0546875 0.03125
0 0.1890625 0.7416666666666667 0.221875 0.25625
7 0.87890625 0.6104166666666667 0.028125 0.01875
7 0.45703125 0.7354166666666667 0.0171875 0.020833333333333332
6 0.821875 0.36875 0.0109375 0.01875
6 0.87421875 0.390625 0.009375 0.016666666666666666
6 0.94296875 0.4114583333333333 0.009375 0.016666666666666666
6 0.85078125 0.315625 0.009375 0.014583333333333334
7 0.62109375 0.4166666666666667 0.0203125 0.0125
7 0.53515625 0.5875 0.0140625 0.016666666666666666
7 0.703125 0.43645833333333334 0.0203125 0.0125