10 0.63203125 0.42604166666666665 0.040625 0.07708333333333334
18 0.35703125 0.5083333333333333 0.096875 0.11041666666666666
4 0.846875 0.38125 0.05625 0.0875
0 0.525 0.44375 0.0875 0.1125
10 0.92109375 0.40729166666666666 0.0234375 0.06875
15 0.98125 0.4864583333333333 0.0328125 0.1
4 0.73125 0.3614583333333333 0.0625 0.08125
10 0.940625 0.471875 0.03125 0.08958333333333333
14 0.03046875 0.6354166666666666 0.05625 0.09166666666666666
4 0.98671875 0.38125 0.0265625 0.0625
0 0.14921875 0.8916666666666667 0.2921875 0.21458333333333332
4 0.678125 0.32083333333333336 0.05 0.06458333333333334
4 0.6953125 0.4625 0.0875 0.12083333333333333
0 0.6109375 0.29375 0.0390625 0.06041666666666667
12 0.115625 0.47604166666666664 0.0234375 0.052083333333333336
3 0.88046875 0.653125 0.1171875 0.31875
15 0.83046875 0.29375 0.015625 0.035416666666666666
12 0.4375 0.4583333333333333 0.05 0.11041666666666666
15 0.60390625 0.36041666666666666 0.028125 0.07291666666666667
18 0.2078125 0.6135416666666667 0.1203125 0.13125
8 0.55625 0.6979166666666666 0.3078125 0.4708333333333333
15 0.93984375 0.5677083333333334 0.0390625 0.10208333333333333
6 0.6015625 0.32916666666666666 0.009375 0.010416666666666666
6 0.6046875 0.3260416666666667 0.0078125 0.0125
6 0.63046875 0.34270833333333334 0.0109375 0.016666666666666666
6 0.634375 0.3729166666666667 0.0125 0.016666666666666666
6 0.65859375 0.3333333333333333 0.009375 0.0125
6 0.634375 0.309375 0.0078125 0.008333333333333333
6 0.68046875 0.31875 0.0078125 0.010416666666666666
6 0.6453125 0.28125 0.00625 0.008333333333333333
6 0.6625 0.26145833333333335 0.00625 0.00625
6 0.7140625 0.36666666666666664 0.009375 0.0125
4 0.740625 0.3072916666666667 0.0484375 0.05416666666666667
7 0.86796875 0.784375 0.0359375 0.020833333333333332
7 0.56953125 0.8697916666666666 0.0546875 0.035416666666666666
12 0.17578125 0.5197916666666667 0.0359375 0.10625
12 0.2875 0.5375 0.03125 0.13125
12 0.24765625 0.5302083333333333 0.0203125 0.06666666666666667
12 0.27265625 0.6385416666666667 0.05 0.14375
12 0.4640625 0.39375 0.021875 0.07916666666666666
12 0.4875 0.38333333333333336 0.021875 0.07291666666666667
12 0.57421875 0.346875 0.01875 0.07083333333333333
14 0.3375 0.39791666666666664 0.05625 0.06458333333333334