3 0.80390625 0.5604166666666667 0.3890625 0.5375
10 0.27421875 0.5875 0.0796875 0.2375
0 0.4984375 0.384375 0.08125 0.16458333333333333
0 0.25703125 0.3177083333333333 0.0578125 0.11458333333333333
0 0.72421875 0.7802083333333333 0.3484375 0.4354166666666667
0 0.40390625 0.375 0.1171875 0.17916666666666667
3 0.10625 0.375 0.19375 0.37916666666666665
3 0.58671875 0.23020833333333332 0.0984375 0.11875
3 0.5875 0.33125 0.075 0.125
10 0.3125 0.9114583333333334 0.125 0.17291666666666666
15 0.40546875 0.46041666666666664 0.1234375 0.15833333333333333
12 0.17578125 0.9322916666666666 0.0765625 0.13125
0 0.29921875 0.234375 0.0671875 0.06041666666666667
12 0.56953125 0.8770833333333333 0.0984375 0.24166666666666667
0 0.5609375 0.5958333333333333 0.1578125 0.325
6 0.271875 0.49375 0.025 0.0375
6 0.28828125 0.8583333333333333 0.0578125 0.058333333333333334
6 0.3171875 0.934375 0.0453125 0.07083333333333333