4 0.2203125 0.3145833333333333 0.0984375 0.12083333333333333
3 0.6 0.46770833333333334 0.490625 0.42083333333333334
4 0.1078125 0.7114583333333333 0.215625 0.3958333333333333
3 0.1421875 0.27708333333333335 0.0703125 0.08958333333333333
7 0.140625 0.8489583333333334 0.065625 0.03333333333333333
6 0.0625 0.4479166666666667 0.021875 0.025
13 0.23203125 0.5583333333333333 0.1609375 0.3333333333333333
12 0.45859375 0.6177083333333333 0.0640625 0.22291666666666668
10 0.0640625 0.475 0.0515625 0.08541666666666667
3 0.63515625 0.23854166666666668 0.0703125 0.07916666666666666
10 0.91796875 0.540625 0.134375 0.18958333333333333
6 0.9390625 0.46875 0.0265625 0.03958333333333333