4 0.95703125 0.5666666666666667 0.0828125 0.22916666666666666
4 0.63671875 0.29270833333333335 0.0546875 0.08125
0 0.34921875 0.3625 0.0765625 0.10833333333333334
4 0.43125 0.33645833333333336 0.0625 0.08958333333333333
0 0.66640625 0.25 0.0359375 0.0625
15 0.0375 0.6875 0.075 0.1625
6 0.0125 0.625 0.025 0.029166666666666667
4 0.83125 0.75625 0.2625 0.43333333333333335
0 0.384375 0.28541666666666665 0.04375 0.06666666666666667
4 0.2859375 0.6979166666666666 0.28125 0.275
4 0.72421875 0.23541666666666666 0.0578125 0.05
0 0.74140625 0.31145833333333334 0.0390625 0.10625
7 0.8859375 0.9291666666666667 0.0625 0.029166666666666667
8 0.16640625 0.58125 0.1609375 0.25
0 0.42421875 0.49375 0.0890625 0.20416666666666666
4 0.82578125 0.43020833333333336 0.1265625 0.15625
4 0.71640625 0.44375 0.0984375 0.16666666666666666
0 0.27265625 0.8458333333333333 0.2734375 0.30833333333333335