10 0.31796875 0.6072916666666667 0.05625 0.14375
3 0.6546875 0.5052083333333334 0.171875 0.29791666666666666
0 0.5890625 0.41354166666666664 0.0703125 0.11875
0 0.934375 0.5125 0.06875 0.12916666666666668
6 0.53671875 0.46875 0.01875 0.020833333333333332
18 0.20078125 0.6510416666666666 0.109375 0.11875
4 0.853125 0.4875 0.08125 0.15
8 0.8296875 0.315625 0.05 0.09166666666666666
8 0.75859375 0.2677083333333333 0.0359375 0.05
12 0.053125 0.696875 0.0515625 0.14791666666666667
0 0.98203125 0.4708333333333333 0.034375 0.13541666666666666
4 0.9078125 0.40625 0.0546875 0.0875
15 0.53671875 0.5270833333333333 0.0546875 0.14166666666666666
7 0.8890625 0.9458333333333333 0.046875 0.022916666666666665
4 0.88984375 0.7770833333333333 0.146875 0.4083333333333333
12 0.1484375 0.5916666666666667 0.04375 0.07916666666666666
12 0.13203125 0.5447916666666667 0.0359375 0.075
4 0.84375 0.38229166666666664 0.0515625 0.052083333333333336
15 0.63125 0.28125 0.0203125 0.04583333333333333
12 0.14453125 0.7385416666666667 0.065625 0.1375
12 0.575 0.33125 0.0234375 0.052083333333333336
6 0.2984375 0.5458333333333333 0.0234375 0.035416666666666666
12 0.38515625 0.56875 0.040625 0.14791666666666667
7 0.63203125 0.6333333333333333 0.034375 0.01875
7 0.521875 0.5635416666666667 0.015625 0.014583333333333334
7 0.3109375 0.6427083333333333 0.0171875 0.0125
7 0.8578125 0.5385416666666667 0.0234375 0.016666666666666666