0 0.96796875 0.584375 0.0625 0.21666666666666667
0 0.67734375 0.2604166666666667 0.0296875 0.04791666666666667
3 0.44375 0.6958333333333333 0.534375 0.6020833333333333
4 0.96640625 0.42604166666666665 0.065625 0.10416666666666667
8 0.8765625 0.784375 0.1453125 0.35
0 0.49296875 0.4166666666666667 0.0703125 0.10416666666666667
18 0.55234375 0.33645833333333336 0.05625 0.06875
4 0.22734375 0.4708333333333333 0.15 0.12916666666666668
12 0.13984375 0.55625 0.0546875 0.11458333333333333
0 0.8796875 0.5927083333333333 0.0828125 0.15416666666666667
14 0.0390625 0.6385416666666667 0.065625 0.12083333333333333
12 0.0515625 0.584375 0.0359375 0.08958333333333333
18 0.1953125 0.6385416666666667 0.1546875 0.13333333333333333
18 0.36484375 0.5302083333333333 0.096875 0.13333333333333333
4 0.8578125 0.48020833333333335 0.0828125 0.175