0 0.96171875 0.4864583333333333 0.0734375 0.18125
10 0.84140625 0.8177083333333334 0.0953125 0.3229166666666667
0 0.71171875 0.28020833333333334 0.0484375 0.08125
4 0.675 0.36875 0.09375 0.12916666666666668
4 0.62890625 0.2552083333333333 0.0484375 0.06041666666666667
0 0.41171875 0.5166666666666667 0.1171875 0.22916666666666666
4 0.259375 0.8697916666666666 0.3625 0.25625
12 0.81796875 0.35625 0.0265625 0.0875
12 0.0703125 0.6197916666666666 0.078125 0.16041666666666668
3 0.30390625 0.46145833333333336 0.2921875 0.36875
15 0.06171875 0.4625 0.0703125 0.11666666666666667
6 0.95390625 0.7739583333333333 0.0328125 0.05625
4 0.0859375 0.8604166666666667 0.16875 0.275
15 0.94375 0.8739583333333333 0.096875 0.24791666666666667
10 0.77421875 0.37916666666666665 0.0359375 0.1125
6 0.84453125 0.68125 0.0328125 0.0375
15 0.86328125 0.38125 0.0546875 0.11875
12 0.60625 0.5239583333333333 0.04375 0.13333333333333333