0 0.48671875 0.46770833333333334 0.1265625 0.19375
0 0.77578125 0.5354166666666667 0.1734375 0.25
10 0.12265625 0.63125 0.0796875 0.25833333333333336
4 0.42890625 0.24895833333333334 0.0578125 0.05625
3 0.6171875 0.22604166666666667 0.090625 0.08541666666666667
12 0.7453125 0.7614583333333333 0.0625 0.25833333333333336
12 0.80546875 0.7052083333333333 0.0671875 0.23125
0 0.52578125 0.26145833333333335 0.0515625 0.07708333333333334
3 0.31171875 0.45729166666666665 0.2390625 0.41041666666666665
4 0.11328125 0.22291666666666668 0.0390625 0.0375
4 0.21015625 0.22395833333333334 0.0390625 0.04375
3 0.9640625 0.7 0.065625 0.5333333333333333
4 0.15390625 0.225 0.0359375 0.0375
10 0.671875 0.9208333333333333 0.234375 0.15416666666666667
15 0.06875 0.4864583333333333 0.0453125 0.16041666666666668
6 0.11328125 0.5239583333333333 0.0296875 0.035416666666666666
4 0.1625 0.2677083333333333 0.065625 0.06875
6 0.6546875 0.875 0.0625 0.0625
4 0.1453125 0.3541666666666667 0.103125 0.12083333333333333
0 0.5734375 0.3729166666666667 0.071875 0.1375
0 0.9625 0.43020833333333336 0.071875 0.10625
9 0.9140625 0.49270833333333336 0.09375 0.08333333333333333
6 0.06171875 0.41770833333333335 0.0234375 0.027083333333333334
0 0.35703125 0.24375 0.0359375 0.0625
6 0.7171875 0.9302083333333333 0.05625 0.05625
18 0.8703125 0.3958333333333333 0.0875 0.15416666666666667