3 0.58046875 0.4864583333333333 0.5484375 0.42291666666666666
14 0.89921875 0.5052083333333334 0.0890625 0.09375
10 0.096875 0.9364583333333333 0.153125 0.12291666666666666
0 0.290625 0.30416666666666664 0.059375 0.0875
4 0.1359375 0.3177083333333333 0.08125 0.09375
4 0.2046875 0.34270833333333334 0.1 0.13125
4 0.18828125 0.25625 0.0453125 0.05
8 0.23359375 0.596875 0.290625 0.4041666666666667
7 0.3171875 0.7864583333333334 0.05625 0.035416666666666666
4 0.74453125 0.8770833333333333 0.5109375 0.2375
6 0.04296875 0.8885416666666667 0.0421875 0.04375
0 0.44375 0.24895833333333334 0.04375 0.06875
10 0.03046875 0.7541666666666667 0.0609375 0.325
12 0.9796875 0.5572916666666666 0.0375 0.15625
3 0.61796875 0.23125 0.0828125 0.1