4 0.29296875 0.8145833333333333 0.3359375 0.36666666666666664
0 0.73046875 0.3260416666666667 0.0609375 0.11041666666666666
0 0.71953125 0.4739583333333333 0.0984375 0.19375
0 0.24453125 0.5041666666666667 0.0953125 0.1875
0 0.33203125 0.34270833333333334 0.0765625 0.10625
0 0.9609375 0.48125 0.075 0.175
0 0.16171875 0.5 0.0828125 0.175
10 0.16328125 0.6833333333333333 0.0921875 0.17916666666666667
4 0.4 0.46145833333333336 0.1375 0.15208333333333332
10 0.43203125 0.3302083333333333 0.0328125 0.09791666666666667
7 0.225 0.9489583333333333 0.06875 0.03125
0 0.8859375 0.39375 0.078125 0.13333333333333333
4 0.83046875 0.4625 0.1421875 0.175
4 0.61328125 0.22395833333333334 0.0453125 0.052083333333333336
10 0.31796875 0.5489583333333333 0.0703125 0.18125
4 0.81875 0.325 0.06875 0.0875
10 0.0640625 0.8802083333333334 0.128125 0.23541666666666666
0 0.65703125 0.36041666666666666 0.0609375 0.1375
6 0.03125 0.790625 0.0328125 0.05
6 0.14375 0.6177083333333333 0.028125 0.029166666666666667
6 0.2984375 0.5135416666666667 0.0203125 0.029166666666666667
6 0.31328125 0.5041666666666667 0.01875 0.035416666666666666