4 0.615625 0.575 0.1421875 0.18541666666666667
4 0.41484375 0.56875 0.159375 0.17708333333333334
10 0.7265625 0.359375 0.0265625 0.06875
0 0.67109375 0.30625 0.0328125 0.07083333333333333
4 0.8890625 0.35520833333333335 0.046875 0.06875
0 0.9765625 0.40208333333333335 0.0453125 0.07291666666666667
4 0.85625 0.4552083333333333 0.065625 0.11875
15 0.62421875 0.7739583333333333 0.0828125 0.15833333333333333
2 0.5 0.5833333333333334 0.0765625 0.16875
4 0.8296875 0.36666666666666664 0.053125 0.08541666666666667
10 0.73515625 0.29583333333333334 0.015625 0.04375
18 0.19921875 0.65 0.1140625 0.11875
18 0.54140625 0.33958333333333335 0.05625 0.05416666666666667
12 0.2109375 0.3770833333333333 0.0234375 0.04583333333333333
12 0.14765625 0.5927083333333333 0.040625 0.06666666666666667
6 0.61953125 0.7541666666666667 0.0265625 0.035416666666666666
6 0.6296875 0.7145833333333333 0.025 0.03333333333333333
6 0.72890625 0.32916666666666666 0.009375 0.010416666666666666
6 0.73671875 0.2760416666666667 0.0046875 0.004166666666666667
8 0.903125 0.7135416666666666 0.19375 0.5041666666666667
7 0.6 0.6104166666666667 0.0359375 0.020833333333333332
7 0.371875 0.61875 0.028125 0.020833333333333332
7 0.890625 0.9541666666666667 0.0390625 0.016666666666666666
14 0.040625 0.6395833333333333 0.0515625 0.11666666666666667
12 0.05859375 0.5989583333333334 0.0375 0.12708333333333333
12 0.246875 0.5354166666666667 0.0359375 0.13125
12 0.16875 0.5302083333333333 0.0328125 0.09375
12 0.29453125 0.5104166666666666 0.028125 0.10208333333333333
12 0.334375 0.46770833333333334 0.03125 0.06458333333333334
12 0.27578125 0.4114583333333333 0.021875 0.0875
14 0.3375 0.396875 0.0546875 0.058333333333333334