8 0.96171875 0.46875 0.0734375 0.17916666666666667
3 0.628125 0.5739583333333333 0.14375 0.22708333333333333
4 0.3484375 0.6385416666666667 0.203125 0.20208333333333334
0 0.2171875 0.8822916666666667 0.2703125 0.23333333333333334
4 0.9015625 0.7791666666666667 0.1453125 0.35
4 0.81015625 0.25416666666666665 0.0234375 0.04375
15 0.48125 0.9177083333333333 0.1 0.16458333333333333
6 0.475 0.8625 0.034375 0.04375
0 0.74296875 0.2604166666666667 0.03125 0.041666666666666664
8 0.87109375 0.49583333333333335 0.1140625 0.28958333333333336
4 0.8296875 0.35625 0.053125 0.07916666666666666
12 0.29296875 0.40625 0.0265625 0.07083333333333333
4 0.734375 0.30416666666666664 0.04375 0.05
12 0.0265625 0.5270833333333333 0.0296875 0.05625
4 0.8328125 0.2989583333333333 0.0421875 0.04375
18 0.36171875 0.5072916666666667 0.109375 0.08125
4 0.22265625 0.478125 0.1390625 0.12291666666666666
12 0.2421875 0.396875 0.0296875 0.05
18 0.54921875 0.3385416666666667 0.0421875 0.052083333333333336
15 0.04296875 0.646875 0.059375 0.09375
7 0.290625 0.7083333333333334 0.028125 0.01875
7 0.609375 0.6270833333333333 0.0359375 0.020833333333333332
18 0.19453125 0.634375 0.121875 0.15
7 0.8921875 0.9302083333333333 0.040625 0.01875
7 0.96953125 0.5354166666666667 0.01875 0.010416666666666666