0 0.6109375 0.29375 0.0421875 0.06041666666666667
10 0.875 0.5145833333333333 0.0390625 0.12916666666666668
10 0.25546875 0.646875 0.084375 0.1625
4 0.690625 0.43020833333333336 0.09375 0.1375
15 0.371875 0.8239583333333333 0.10625 0.1875
15 0.6953125 0.2875 0.0203125 0.04583333333333333
0 0.48125 0.40208333333333335 0.0734375 0.11458333333333333
10 0.853125 0.3770833333333333 0.025 0.07291666666666667
2 0.1453125 0.8604166666666667 0.1265625 0.19375
12 0.1140625 0.47708333333333336 0.0265625 0.05
18 0.353125 0.5104166666666666 0.10625 0.11041666666666666
10 0.56015625 0.53125 0.05 0.1125
4 0.5875 0.7291666666666666 0.23125 0.33125
15 0.89375 0.4083333333333333 0.028125 0.06666666666666667
6 0.34921875 0.75 0.0359375 0.03958333333333333
6 0.55546875 0.4864583333333333 0.0203125 0.022916666666666665
13 0.60078125 0.35833333333333334 0.046875 0.09375
0 0.7625 0.240625 0.028125 0.041666666666666664
4 0.2234375 0.46875 0.134375 0.11458333333333333
0 0.93515625 0.48854166666666665 0.059375 0.15625
7 0.54609375 0.8020833333333334 0.046875 0.03125
7 0.70390625 0.48541666666666666 0.0234375 0.0125
18 0.19453125 0.6239583333333333 0.0984375 0.14375
6 0.24609375 0.58125 0.021875 0.025
6 0.88125 0.4625 0.0125 0.020833333333333332
14 0.02734375 0.6333333333333333 0.0546875 0.10625
12 0.12734375 0.6270833333333333 0.0359375 0.12708333333333333
12 0.175 0.525 0.028125 0.10416666666666667
12 0.0234375 0.55625 0.0296875 0.09375
12 0.24140625 0.3958333333333333 0.0265625 0.058333333333333334
12 0.4234375 0.403125 0.025 0.0875
14 0.3390625 0.39791666666666664 0.0546875 0.0625