10 0.1984375 0.6822916666666666 0.0890625 0.28958333333333336
3 0.6578125 0.4822916666666667 0.4671875 0.41875
10 0.51953125 0.83125 0.16875 0.32083333333333336
0 0.35078125 0.415625 0.08125 0.19583333333333333
0 0.20390625 0.2989583333333333 0.0515625 0.09583333333333334
4 0.115625 0.22395833333333334 0.0484375 0.0375
15 0.24765625 0.34375 0.040625 0.08125
12 0.66796875 0.4666666666666667 0.03125 0.05
6 0.1953125 0.5625 0.0328125 0.03958333333333333
6 0.52734375 0.6947916666666667 0.0453125 0.04583333333333333
3 0.625 0.23020833333333332 0.1015625 0.1
12 0.9703125 0.528125 0.0328125 0.16041666666666668
0 0.27734375 0.26666666666666666 0.053125 0.06875
4 0.15 0.27291666666666664 0.05625 0.08125
12 0.4015625 0.40208333333333335 0.0359375 0.11041666666666666