0 0.41796875 0.3770833333333333 0.0859375 0.16041666666666668
3 0.8859375 0.5635416666666667 0.228125 0.4270833333333333
3 0.61796875 0.23541666666666666 0.1015625 0.10208333333333333
0 0.6875 0.63125 0.190625 0.375
0 0.5375 0.390625 0.0625 0.1625
0 0.63671875 0.36354166666666665 0.071875 0.18125
10 0.7453125 0.9302083333333333 0.215625 0.13958333333333334
0 0.71328125 0.3885416666666667 0.1171875 0.21666666666666667
0 0.29453125 0.8708333333333333 0.465625 0.25833333333333336
12 0.43046875 0.5989583333333334 0.0609375 0.225
12 0.91484375 0.5375 0.05 0.09375
12 0.48046875 0.671875 0.0421875 0.2
0 0.29140625 0.24479166666666666 0.0359375 0.06041666666666667
0 0.32734375 0.2625 0.0390625 0.06666666666666667
12 0.91328125 0.728125 0.0671875 0.22291666666666668
6 0.76796875 0.8979166666666667 0.0640625 0.07708333333333334
8 0.11953125 0.24895833333333334 0.1 0.07916666666666666