3 0.7390625 0.6635416666666667 0.521875 0.6729166666666667
12 0.41953125 0.5614583333333333 0.0640625 0.19375
0 0.2375 0.353125 0.075 0.15208333333333332
15 0.36640625 0.4739583333333333 0.0921875 0.15625
15 0.43671875 0.8947916666666667 0.1578125 0.20625
6 0.43515625 0.8239583333333333 0.0484375 0.06041666666666667
3 0.61640625 0.2375 0.0828125 0.1
10 0.1046875 0.44166666666666665 0.09375 0.14583333333333334
6 0.38671875 0.415625 0.0296875 0.035416666666666666
6 0.1015625 0.38125 0.021875 0.025
4 0.96328125 0.42604166666666665 0.0671875 0.10208333333333333
4 0.18828125 0.25 0.1015625 0.06666666666666667
12 0.33671875 0.35 0.0296875 0.1
12 0.11796875 0.23854166666666668 0.0234375 0.06041666666666667
0 0.4859375 0.23541666666666666 0.0375 0.0625
0 0.4265625 0.240625 0.03125 0.06875
18 0.86640625 0.38125 0.0921875 0.1125
0 0.44296875 0.3177083333333333 0.0578125 0.07291666666666667
0 0.2625 0.21770833333333334 0.046875 0.052083333333333336