3 0.64140625 0.446875 0.4703125 0.35625
4 0.08046875 0.36041666666666666 0.1359375 0.1375
4 0.24296875 0.44375 0.1578125 0.19166666666666668
4 0.08203125 0.5291666666666667 0.1328125 0.225
0 0.34921875 0.3875 0.1265625 0.15416666666666667
0 0.503125 0.6052083333333333 0.225 0.30625
4 0.3046875 0.7447916666666666 0.40625 0.50625
15 0.925 0.5489583333333333 0.109375 0.15208333333333332
0 0.77890625 0.7864583333333334 0.3328125 0.41875
3 0.97890625 0.7604166666666666 0.0390625 0.4625
0 0.965625 0.4239583333333333 0.065625 0.13125
0 0.46015625 0.215625 0.0421875 0.052083333333333336
15 0.234375 0.32916666666666666 0.053125 0.07083333333333333
15 0.38203125 0.4354166666666667 0.0578125 0.1125
10 0.2234375 0.24479166666666666 0.03125 0.052083333333333336