0 0.1546875 0.64375 0.1640625 0.18333333333333332
0 0.97578125 0.5489583333333333 0.046875 0.19583333333333333
15 0.74921875 0.36770833333333336 0.0296875 0.07291666666666667
0 0.578125 0.5302083333333333 0.09375 0.18958333333333333
12 0.36328125 0.4166666666666667 0.0578125 0.06458333333333334
4 0.22421875 0.46979166666666666 0.1328125 0.1125
12 0.2234375 0.40729166666666666 0.0265625 0.03125
12 0.05625 0.5604166666666667 0.0375 0.075
13 0.6578125 0.2833333333333333 0.03125 0.06041666666666667
0 0.7203125 0.2708333333333333 0.028125 0.04583333333333333
6 0.684375 0.478125 0.0171875 0.020833333333333332
12 0.36484375 0.5229166666666667 0.1140625 0.11458333333333333
3 0.8609375 0.37395833333333334 0.096875 0.19583333333333333
10 0.7625 0.28020833333333334 0.0171875 0.03333333333333333
10 0.621875 0.7583333333333333 0.0671875 0.14166666666666666
6 0.63125 0.7072916666666667 0.03125 0.0375
10 0.709375 0.41354166666666664 0.0328125 0.09375
12 0.43125 0.3729166666666667 0.0265625 0.0625
12 0.090625 0.9239583333333333 0.0609375 0.15208333333333332
18 0.47421875 0.4354166666666667 0.0671875 0.07083333333333333
15 0.72265625 0.29583333333333334 0.025 0.022916666666666665
6 0.71015625 0.37083333333333335 0.0109375 0.0125
4 0.81953125 0.27395833333333336 0.0234375 0.041666666666666664
7 0.853125 0.43020833333333336 0.0125 0.016666666666666666
10 0.684375 0.5302083333333333 0.046875 0.12708333333333333
18 0.4890625 0.3770833333333333 0.0421875 0.04583333333333333
13 0.2046875 0.8020833333333334 0.2140625 0.275
12 0.06171875 0.6645833333333333 0.0421875 0.1375
12 0.18828125 0.5208333333333334 0.0328125 0.06666666666666667
12 0.11640625 0.45729166666666665 0.0171875 0.07291666666666667
12 0.21484375 0.37916666666666665 0.025 0.05625
12 0.35859375 0.3333333333333333 0.0203125 0.0625