3 0.67421875 0.49166666666666664 0.4640625 0.43333333333333335
0 0.39296875 0.31145833333333334 0.0484375 0.11458333333333333
3 0.04453125 0.5114583333333333 0.0890625 0.28125
4 0.17890625 0.3614583333333333 0.1046875 0.10625
4 0.96171875 0.4197916666666667 0.0765625 0.10208333333333333
8 0.32265625 0.23645833333333333 0.1140625 0.09375
0 0.16328125 0.26666666666666666 0.0515625 0.07083333333333333
4 0.21875 0.28020833333333334 0.0625 0.08958333333333333
12 0.6 0.7666666666666667 0.08125 0.2625
8 0.24921875 0.69375 0.3328125 0.6
12 0.4265625 0.51875 0.053125 0.1875
0 0.35625 0.440625 0.078125 0.22708333333333333
4 0.08515625 0.36354166666666665 0.0796875 0.11875
10 0.28046875 0.378125 0.0390625 0.08125
7 0.3265625 0.9364583333333333 0.071875 0.04791666666666667