10 0.6453125 0.4166666666666667 0.0453125 0.1
15 0.7140625 0.4125 0.028125 0.0875
0 0.5265625 0.4583333333333333 0.0984375 0.12708333333333333
10 0.97421875 0.41875 0.01875 0.07291666666666667
4 0.7015625 0.33125 0.0546875 0.06666666666666667
0 0.60703125 0.36354166666666665 0.05 0.09583333333333334
10 0.7515625 0.30833333333333335 0.01875 0.05
15 0.86484375 0.3614583333333333 0.0265625 0.0625
0 0.9328125 0.45729166666666665 0.059375 0.12708333333333333
6 0.6421875 0.3770833333333333 0.0203125 0.022916666666666665
0 0.721875 0.2760416666666667 0.0265625 0.05
3 0.5234375 0.7291666666666666 0.35 0.5416666666666666
4 0.86875 0.5041666666666667 0.0875 0.15833333333333333
18 0.4703125 0.4197916666666667 0.053125 0.08541666666666667
12 0.2890625 0.41354166666666664 0.028125 0.075
4 0.225 0.47291666666666665 0.1296875 0.10833333333333334
12 0.21328125 0.39166666666666666 0.0265625 0.041666666666666664
0 0.8515625 0.278125 0.025 0.04583333333333333
18 0.37109375 0.5166666666666667 0.125 0.09791666666666667
15 0.82734375 0.3416666666666667 0.015625 0.06666666666666667
6 0.86484375 0.33229166666666665 0.0078125 0.008333333333333333
6 0.82890625 0.3177083333333333 0.0046875 0.00625
7 0.8734375 0.5625 0.021875 0.016666666666666666
14 0.0296875 0.6447916666666667 0.0453125 0.10416666666666667
12 0.0390625 0.5708333333333333 0.0296875 0.11666666666666667
12 0.1625 0.53125 0.0359375 0.1125