4 0.090625 0.3072916666666667 0.109375 0.08125
3 0.93359375 0.590625 0.1328125 0.45625
3 0.434375 0.48125 0.5484375 0.4083333333333333
15 0.18515625 0.6739583333333333 0.1 0.25416666666666665
4 0.04609375 0.478125 0.0921875 0.22291666666666668
3 0.57578125 0.25 0.115625 0.1125
12 0.109375 0.8739583333333333 0.1078125 0.25
12 0.43359375 0.8645833333333334 0.0859375 0.2708333333333333
12 0.55703125 0.8947916666666667 0.0890625 0.21041666666666667
12 0.76875 0.8927083333333333 0.075 0.21458333333333332
12 0.83984375 0.8072916666666666 0.0578125 0.2375
12 0.67890625 0.8895833333333333 0.078125 0.2125
12 0.740625 0.7895833333333333 0.06875 0.19583333333333333
12 0.51328125 0.6 0.0625 0.12291666666666666
12 0.42890625 0.7145833333333333 0.053125 0.19375
12 0.5796875 0.634375 0.0546875 0.16458333333333333
12 0.6109375 0.784375 0.05 0.19166666666666668
12 0.70078125 0.6770833333333334 0.08125 0.11666666666666667
12 0.790625 0.6239583333333333 0.0640625 0.12083333333333333
12 0.84765625 0.63125 0.0515625 0.15
12 0.8234375 0.446875 0.0328125 0.12083333333333333
0 0.69921875 0.3302083333333333 0.1015625 0.10416666666666667
3 0.26484375 0.19583333333333333 0.0703125 0.075
12 0.7375 0.5375 0.0421875 0.17916666666666667
4 0.0390625 0.7104166666666667 0.078125 0.30833333333333335
4 0.1296875 0.3802083333333333 0.1 0.15833333333333333
6 0.17421875 0.5635416666666667 0.028125 0.04791666666666667