15 0.146875 0.75 0.184375 0.22708333333333333
10 0.8828125 0.8541666666666666 0.234375 0.275
0 0.7625 0.6291666666666667 0.296875 0.32916666666666666
6 0.2328125 0.590625 0.0421875 0.05
6 0.09296875 0.6604166666666667 0.0421875 0.04791666666666667
10 0.35703125 0.34791666666666665 0.0578125 0.13125
10 0.27734375 0.6833333333333333 0.2140625 0.23333333333333334
6 0.49375 0.803125 0.0625 0.06041666666666667
10 0.40859375 0.46770833333333334 0.1078125 0.16875
6 0.9640625 0.753125 0.0515625 0.06666666666666667
10 0.48984375 0.884375 0.2546875 0.225
6 0.365625 0.39895833333333336 0.0203125 0.03333333333333333
6 0.3921875 0.4 0.028125 0.027083333333333334
12 0.28984375 0.4635416666666667 0.053125 0.15625