0 0.09296875 0.915625 0.1484375 0.16875
2 0.575 0.759375 0.059375 0.15
10 0.41796875 0.95625 0.08125 0.07916666666666666
8 0.45546875 0.6833333333333333 0.1125 0.27708333333333335
0 0.24375 0.9302083333333333 0.1359375 0.1375
6 0.4171875 0.9666666666666667 0.0359375 0.04791666666666667
15 0.575 0.6489583333333333 0.0515625 0.12083333333333333
6 0.57734375 0.6145833333333334 0.0234375 0.03333333333333333
12 0.3015625 0.7854166666666667 0.0421875 0.13958333333333334
12 0.26328125 0.7854166666666667 0.040625 0.15208333333333332
12 0.2296875 0.8208333333333333 0.0421875 0.09583333333333334
15 0.34921875 0.6947916666666667 0.0484375 0.12916666666666668
4 0.35 0.51875 0.11875 0.09375
0 0.515625 0.5 0.040625 0.10208333333333333
14 0.71875 0.884375 0.140625 0.1125
14 0.16953125 0.7520833333333333 0.0875 0.07291666666666667
14 0.7015625 0.7989583333333333 0.10625 0.06041666666666667
9 0.26015625 0.5947916666666667 0.0921875 0.0625
9 0.671875 0.7333333333333333 0.103125 0.05416666666666667
9 0.66484375 0.6697916666666667 0.096875 0.04583333333333333