0 0.375 0.36666666666666664 0.0765625 0.14583333333333334
12 0.55390625 0.4739583333333333 0.0421875 0.15208333333333332
3 0.596875 0.23333333333333334 0.1078125 0.10833333333333334
0 0.484375 0.39895833333333336 0.1125 0.15208333333333332
4 0.23828125 0.32708333333333334 0.0921875 0.10208333333333333
12 0.590625 0.44895833333333335 0.0359375 0.12916666666666668
3 0.19140625 0.19479166666666667 0.134375 0.052083333333333336
4 0.25 0.64375 0.2125 0.3125
4 0.1125 0.359375 0.0921875 0.14583333333333334
0 0.746875 0.3645833333333333 0.071875 0.12708333333333333
0 0.60625 0.36354166666666665 0.0640625 0.11875
0 0.68359375 0.37916666666666665 0.0859375 0.18541666666666667
3 0.89140625 0.5802083333333333 0.2171875 0.44583333333333336
7 0.1140625 0.4083333333333333 0.0375 0.0125
12 0.4171875 0.446875 0.03125 0.125
12 0.71171875 0.6104166666666667 0.0640625 0.19375
4 0.3046875 0.28229166666666666 0.0734375 0.07291666666666667
7 0.29375 0.7447916666666666 0.0625 0.03125
8 0.06328125 0.30104166666666665 0.0734375 0.11666666666666667
0 0.1546875 0.2625 0.0953125 0.075