0 0.53203125 0.4708333333333333 0.140625 0.20416666666666666
0 0.23671875 0.5520833333333334 0.1296875 0.2604166666666667
4 0.06015625 0.43333333333333335 0.1078125 0.15833333333333333
3 0.84609375 0.5864583333333333 0.3078125 0.47708333333333336
0 0.3640625 0.50625 0.1296875 0.2708333333333333
4 0.284375 0.30520833333333336 0.08125 0.08541666666666667
3 0.61875 0.23020833333333332 0.1015625 0.08958333333333333
7 0.0359375 0.47708333333333336 0.0328125 0.014583333333333334
0 0.4140625 0.3145833333333333 0.05625 0.10833333333333334
0 0.6984375 0.34270833333333334 0.096875 0.12708333333333333
0 0.67578125 0.4427083333333333 0.09375 0.15833333333333333
12 0.04921875 0.2916666666666667 0.021875 0.06041666666666667
15 0.1828125 0.3885416666666667 0.0375 0.0875
15 0.2546875 0.39375 0.0375 0.06875
12 0.65703125 0.6604166666666667 0.05 0.24791666666666667
12 0.74296875 0.696875 0.0703125 0.23541666666666666