12 0.49453125 0.47291666666666665 0.0484375 0.18125
12 0.340625 0.40208333333333335 0.0421875 0.13125
0 0.8765625 0.64375 0.2453125 0.32083333333333336
12 0.43515625 0.42604166666666665 0.0515625 0.13958333333333334
14 0.14765625 0.478125 0.0671875 0.14375
12 0.69296875 0.5479166666666667 0.059375 0.2
12 0.36953125 0.41354166666666664 0.0375 0.14583333333333334
12 0.27265625 0.4875 0.05 0.15208333333333332
14 0.0734375 0.4947916666666667 0.0765625 0.13125
14 0.9046875 0.42604166666666665 0.040625 0.10208333333333333
0 0.575 0.40729166666666666 0.0859375 0.21875
0 0.24375 0.44583333333333336 0.13125 0.225