12 0.490625 0.46770833333333334 0.0375 0.15
0 0.67734375 0.47708333333333336 0.228125 0.21875
0 0.10390625 0.5739583333333333 0.2078125 0.28125
10 0.35859375 0.35625 0.0640625 0.13125
14 0.9671875 0.4635416666666667 0.0625 0.16666666666666666
15 0.11015625 0.8510416666666667 0.1796875 0.22291666666666668
6 0.0671875 0.7572916666666667 0.0359375 0.04375
10 0.48359375 0.26458333333333334 0.0453125 0.08333333333333333
0 0.2484375 0.4510416666666667 0.1125 0.22291666666666668
14 0.9109375 0.4479166666666667 0.04375 0.15416666666666667
0 0.5484375 0.32916666666666666 0.134375 0.15208333333333332
12 0.31328125 0.459375 0.04375 0.15
1 0.834375 0.46145833333333336 0.06875 0.12291666666666666