0 0.559375 0.446875 0.1515625 0.21875
0 0.71640625 0.41770833333333335 0.0734375 0.17916666666666667
3 0.87265625 0.5510416666666667 0.2546875 0.4479166666666667
0 0.42109375 0.40208333333333335 0.090625 0.18541666666666667
3 0.375 0.209375 0.1484375 0.07708333333333334
4 0.15703125 0.303125 0.065625 0.075
10 0.28671875 0.35833333333333334 0.0390625 0.11666666666666667
12 0.2421875 0.32708333333333334 0.0234375 0.09166666666666666
0 0.5328125 0.30520833333333336 0.059375 0.07083333333333333
10 0.06875 0.2760416666666667 0.0421875 0.041666666666666664
4 0.31875 0.6677083333333333 0.2984375 0.48541666666666666
12 0.35390625 0.4083333333333333 0.0359375 0.16041666666666668
12 0.41171875 0.2635416666666667 0.0328125 0.07083333333333333