9 0.81015625 0.5958333333333333 0.1296875 0.11458333333333333
9 0.10078125 0.9135416666666667 0.1828125 0.14166666666666666
9 0.21875 0.5458333333333333 0.1140625 0.07916666666666666
9 0.1875 0.6302083333333334 0.1078125 0.08125
14 0.1234375 0.759375 0.165625 0.11458333333333333
14 0.90625 0.8010416666666667 0.134375 0.16458333333333333
14 0.68359375 0.396875 0.0921875 0.08541666666666667
14 0.25859375 0.446875 0.08125 0.06458333333333334
14 0.28125 0.4083333333333333 0.078125 0.07916666666666666
12 0.3875 0.41770833333333335 0.0515625 0.13125
12 0.15 0.53125 0.0296875 0.10833333333333334
12 0.33984375 0.37604166666666666 0.0359375 0.12291666666666666