10 0.8046875 0.771875 0.125 0.25
10 0.56875 0.29375 0.0453125 0.14583333333333334
0 0.5265625 0.08125 0.04375 0.07083333333333333
0 0.809375 0.5104166666666666 0.153125 0.2916666666666667
10 0.23359375 0.46041666666666664 0.059375 0.2
0 0.409375 0.06666666666666667 0.0453125 0.06041666666666667
18 0.6390625 0.26666666666666666 0.0828125 0.14166666666666666
0 0.49140625 0.228125 0.059375 0.16666666666666666
10 0.72734375 0.3260416666666667 0.0484375 0.13333333333333333
6 0.8125 0.659375 0.0390625 0.03958333333333333
11 0.5703125 0.22708333333333333 0.01875 0.020833333333333332
12 0.69765625 0.334375 0.0234375 0.14375
6 0.21796875 0.38333333333333336 0.0203125 0.03958333333333333
14 0.9265625 0.46770833333333334 0.0390625 0.14166666666666666