15 0.8390625 0.20104166666666667 0.0546875 0.1
4 0.47890625 0.49270833333333336 0.165625 0.25416666666666665
14 0.3046875 0.36354166666666665 0.0765625 0.12291666666666666
4 0.6140625 0.5354166666666667 0.1765625 0.2875
9 0.05078125 0.6145833333333334 0.0625 0.12083333333333333
9 0.109375 0.5635416666666667 0.0859375 0.09375
10 0.6953125 0.16770833333333332 0.028125 0.10833333333333334
15 0.7140625 0.246875 0.034375 0.1375
10 0.7328125 0.17916666666666667 0.025 0.10833333333333334
15 0.940625 0.228125 0.034375 0.12291666666666666
15 0.4984375 0.31354166666666666 0.05625 0.11041666666666666