5 0.7078125 0.7791666666666667 0.1296875 0.20208333333333334
5 0.5828125 0.6916666666666667 0.1453125 0.16666666666666666
12 0.875 0.746875 0.0453125 0.18125
5 0.9140625 0.7739583333333333 0.034375 0.12291666666666666
12 0.95625 0.753125 0.0515625 0.19166666666666668
12 0.1671875 0.690625 0.0578125 0.1875
12 0.3234375 0.5 0.025 0.11666666666666667
12 0.7765625 0.546875 0.025 0.13333333333333333
4 0.70234375 0.5072916666666667 0.0984375 0.14166666666666666
7 0.70390625 0.521875 0.0296875 0.01875
4 0.36875 0.42083333333333334 0.1 0.10625
7 0.38359375 0.43854166666666666 0.025 0.010416666666666666
4 0.67421875 0.4083333333333333 0.1140625 0.11041666666666666
14 0.3796875 0.5322916666666667 0.096875 0.08541666666666667
14 0.2984375 0.5885416666666666 0.1 0.08958333333333333
14 0.25390625 0.546875 0.0671875 0.075
14 0.28671875 0.509375 0.0703125 0.08125