5 0.25625 0.9666666666666667 0.08125 0.06666666666666667
5 0.44921875 0.746875 0.1578125 0.18541666666666667
5 0.45078125 0.621875 0.1375 0.09583333333333334
4 0.7109375 0.7427083333333333 0.196875 0.25833333333333336
4 0.3671875 0.41875 0.1 0.10625
4 0.6375 0.35104166666666664 0.1140625 0.07708333333333334
7 0.3828125 0.43854166666666666 0.025 0.010416666666666666
4 0.70234375 0.5041666666666667 0.1015625 0.13541666666666666
4 0.67265625 0.40729166666666666 0.125 0.10833333333333334
7 0.69375 0.4322916666666667 0.0265625 0.010416666666666666
7 0.70703125 0.5239583333333333 0.0296875 0.0125
12 0.5921875 0.48854166666666665 0.0390625 0.12708333333333333
12 0.62578125 0.5333333333333333 0.028125 0.12083333333333333
12 0.59375 0.790625 0.0453125 0.2125
12 0.55546875 0.8072916666666666 0.04375 0.225
7 0.75 0.834375 0.0484375 0.020833333333333332
12 0.2578125 0.6875 0.0328125 0.18125
12 0.1890625 0.9239583333333333 0.1 0.15208333333333332
14 0.2984375 0.5833333333333334 0.103125 0.08958333333333333
14 0.25234375 0.540625 0.0625 0.08125
14 0.37890625 0.53125 0.0984375 0.08333333333333333
14 0.2875 0.5072916666666667 0.0703125 0.08958333333333333
15 0.49140625 0.5520833333333334 0.05625 0.125
11 0.496875 0.5114583333333333 0.015625 0.022916666666666665
11 0.48984375 0.49895833333333334 0.0171875 0.01875