0 0.6046875 0.7302083333333333 0.1375 0.2833333333333333
14 0.196875 0.7864583333333334 0.1484375 0.12291666666666666
14 0.3140625 0.703125 0.1375 0.10416666666666667
14 0.86796875 0.6979166666666666 0.1015625 0.14583333333333334
14 0.83515625 0.46458333333333335 0.090625 0.07291666666666667
14 0.78984375 0.3729166666666667 0.0546875 0.06875
9 0.9421875 0.91875 0.115625 0.12916666666666668
9 0.9171875 0.61875 0.11875 0.08125
10 0.63125 0.2760416666666667 0.0390625 0.08333333333333333
0 0.68515625 0.2520833333333333 0.040625 0.08125
0 0.721875 0.23645833333333333 0.034375 0.07708333333333334
10 0.403125 0.534375 0.09375 0.13333333333333333
15 0.43203125 0.478125 0.0515625 0.10416666666666667
9 0.46796875 0.3802083333333333 0.084375 0.058333333333333334
9 0.5015625 0.33958333333333335 0.059375 0.06875