5 0.3984375 0.7364583333333333 0.090625 0.20416666666666666
5 0.24921875 0.665625 0.1703125 0.14375
4 0.7046875 0.5052083333333334 0.1078125 0.1375
4 0.3671875 0.42083333333333334 0.0984375 0.10625
4 0.4765625 0.3645833333333333 0.0875 0.1
4 0.675 0.41041666666666665 0.115625 0.11458333333333333
7 0.3828125 0.4375 0.025 0.008333333333333333
7 0.70390625 0.5229166666666667 0.03125 0.0125
7 0.69375 0.43333333333333335 0.025 0.0125
12 0.2234375 0.8927083333333333 0.0578125 0.19375
12 0.40625 0.465625 0.0359375 0.09166666666666666
14 0.3765625 0.5302083333333333 0.1046875 0.08333333333333333
14 0.28828125 0.50625 0.071875 0.09166666666666666
14 0.26015625 0.5447916666666667 0.0640625 0.075
14 0.29921875 0.5822916666666667 0.0984375 0.09375