5 0.46796875 0.8645833333333334 0.1515625 0.21666666666666667
5 0.70546875 0.7729166666666667 0.1203125 0.18958333333333333
4 0.6625 0.9145833333333333 0.259375 0.17083333333333334
12 0.2375 0.7270833333333333 0.0453125 0.1875
4 0.75 0.6802083333333333 0.2453125 0.25833333333333336
4 0.36796875 0.421875 0.1015625 0.10208333333333333
4 0.3734375 0.35 0.0828125 0.07708333333333334
4 0.67421875 0.4125 0.11875 0.12708333333333333
4 0.7015625 0.4979166666666667 0.10625 0.125
14 0.37890625 0.5322916666666667 0.1 0.09375
14 0.29765625 0.584375 0.1 0.09583333333333334
14 0.265625 0.5416666666666666 0.0921875 0.08958333333333333
14 0.28671875 0.503125 0.075 0.08958333333333333
15 0.58125 0.45 0.04375 0.1125
11 0.5765625 0.409375 0.0109375 0.01875
7 0.3828125 0.4375 0.0234375 0.010416666666666666
7 0.70625 0.5229166666666667 0.034375 0.014583333333333334
7 0.828125 0.7604166666666666 0.040625 0.01875
12 0.13515625 0.778125 0.065625 0.17708333333333334