12 0.77109375 0.9427083333333334 0.0640625 0.11458333333333333
12 0.846875 0.8864583333333333 0.05625 0.22083333333333333
12 0.79609375 0.66875 0.0359375 0.11041666666666666
14 0.87890625 0.6864583333333333 0.1171875 0.10208333333333333
12 0.83984375 0.6239583333333333 0.040625 0.11458333333333333
12 0.271875 0.6197916666666666 0.040625 0.17708333333333334
12 0.68046875 0.4354166666666667 0.0359375 0.11458333333333333
0 0.459375 0.6041666666666666 0.0953125 0.22708333333333333
0 0.32421875 0.8270833333333333 0.1765625 0.3333333333333333
0 0.73984375 0.4479166666666667 0.059375 0.18541666666666667
14 0.18203125 0.80625 0.11875 0.15
14 0.25859375 0.6864583333333333 0.11875 0.07916666666666666
14 0.834375 0.5114583333333333 0.09375 0.10208333333333333
14 0.846875 0.446875 0.0734375 0.06458333333333334