5 0.69453125 0.7802083333333333 0.10625 0.20833333333333334
5 0.56875 0.6302083333333334 0.1421875 0.14166666666666666
12 0.91328125 0.8125 0.0453125 0.20625
12 0.95234375 0.80625 0.0421875 0.18958333333333333
12 0.84609375 0.734375 0.028125 0.1375
12 0.8734375 0.7052083333333333 0.0375 0.15208333333333332
12 0.80390625 0.7104166666666667 0.0546875 0.17291666666666666
12 0.91796875 0.68125 0.04375 0.09166666666666666
4 0.7046875 0.5052083333333334 0.103125 0.14166666666666666
4 0.365625 0.41875 0.1015625 0.10208333333333333
4 0.67734375 0.40729166666666666 0.115625 0.11041666666666666
14 0.3796875 0.5302083333333333 0.1 0.08541666666666667
14 0.2984375 0.5875 0.1015625 0.09166666666666666
14 0.259375 0.5416666666666666 0.0765625 0.07083333333333333
14 0.2875 0.509375 0.0765625 0.08333333333333333
14 0.82265625 0.5625 0.065625 0.08333333333333333
15 0.54140625 0.4479166666666667 0.0515625 0.11666666666666667
12 0.4140625 0.4635416666666667 0.021875 0.09166666666666666
12 0.43125 0.4635416666666667 0.0171875 0.11041666666666666
12 0.44765625 0.46041666666666664 0.0203125 0.11875
10 0.4828125 0.440625 0.04375 0.10208333333333333
12 0.3890625 0.47604166666666664 0.028125 0.075
12 0.58359375 0.44166666666666665 0.0203125 0.10208333333333333
12 0.61875 0.44895833333333335 0.0234375 0.10208333333333333
12 0.21484375 0.6885416666666667 0.0609375 0.16875
12 0.0921875 0.7479166666666667 0.0515625 0.1875
7 0.7046875 0.5239583333333333 0.03125 0.0125
7 0.6953125 0.4322916666666667 0.025 0.008333333333333333