12 0.325 0.215625 0.0203125 0.0625
12 0.26953125 0.165625 0.0171875 0.04791666666666667
12 0.1453125 0.3385416666666667 0.040625 0.18541666666666667
12 0.2171875 0.27708333333333335 0.034375 0.13125
10 0.38671875 0.259375 0.0453125 0.11666666666666667
14 0.4796875 0.471875 0.059375 0.22916666666666666
1 0.7671875 0.7447916666666666 0.0578125 0.35833333333333334
0 0.84375 0.3416666666666667 0.0671875 0.18958333333333333
10 0.5 0.259375 0.0359375 0.12291666666666666
10 0.57421875 0.24375 0.0296875 0.12708333333333333
10 0.4359375 0.23541666666666666 0.0375 0.125
9 0.159375 0.2760416666666667 0.0796875 0.075