14 0.0609375 0.5229166666666667 0.121875 0.13333333333333333
10 0.446875 0.5166666666666667 0.075 0.22291666666666668
6 0.44765625 0.09583333333333334 0.021875 0.025
10 0.4484375 0.15729166666666666 0.0484375 0.14375
0 0.70390625 0.17916666666666667 0.1046875 0.19166666666666668
2 0.37890625 0.042708333333333334 0.03125 0.08541666666666667
10 0.5515625 0.47291666666666665 0.065625 0.23958333333333334
0 0.3515625 0.16979166666666667 0.1 0.17291666666666666
14 0.225 0.15208333333333332 0.0859375 0.075
12 0.05625 0.359375 0.0390625 0.15208333333333332
14 0.17265625 0.27395833333333336 0.0984375 0.11041666666666666
6 0.4515625 0.4125 0.0265625 0.020833333333333332
0 0.884375 0.53125 0.159375 0.3458333333333333
6 0.5453125 0.37395833333333334 0.03125 0.04375
0 0.79921875 0.31875 0.1265625 0.23958333333333334
15 0.1984375 0.20416666666666666 0.053125 0.07916666666666666
12 0.28203125 0.178125 0.03125 0.15625
0 0.94453125 0.790625 0.109375 0.41041666666666665
14 0.259375 0.06666666666666667 0.071875 0.07708333333333334
14 0.075 0.44479166666666664 0.121875 0.12291666666666666