5 0.35703125 0.909375 0.140625 0.18125
5 0.159375 0.7822916666666667 0.1546875 0.12291666666666666
5 0.1203125 0.9333333333333333 0.2015625 0.13333333333333333
5 0.5640625 0.48020833333333335 0.0421875 0.09791666666666667
5 0.60234375 0.4479166666666667 0.0765625 0.10208333333333333
9 0.79296875 0.6010416666666667 0.1171875 0.09791666666666667
9 0.721875 0.45625 0.090625 0.08125
15 0.29765625 0.46875 0.0859375 0.1
15 0.4203125 0.45625 0.0484375 0.12708333333333333
10 0.63203125 0.803125 0.075 0.23125
11 0.63203125 0.7041666666666667 0.0234375 0.035416666666666666
2 0.56015625 0.6177083333333333 0.053125 0.17291666666666666
12 0.721875 0.6479166666666667 0.040625 0.18333333333333332
12 0.38046875 0.50625 0.0390625 0.13541666666666666
12 0.5296875 0.45 0.0328125 0.10833333333333334
12 0.4890625 0.4395833333333333 0.034375 0.1
12 0.3546875 0.4114583333333333 0.0203125 0.09791666666666667
12 0.19609375 0.5104166666666666 0.0265625 0.12708333333333333
14 0.25703125 0.5572916666666666 0.0875 0.08541666666666667
14 0.290625 0.5333333333333333 0.090625 0.07916666666666666
14 0.89921875 0.725 0.134375 0.13333333333333333
4 0.64921875 0.33958333333333335 0.128125 0.0875
14 0.671875 0.36770833333333336 0.065625 0.06875
14 0.34921875 0.31875 0.0609375 0.05625
4 0.896875 0.9020833333333333 0.2046875 0.19583333333333333