14 0.25625 0.5395833333333333 0.0828125 0.09583333333333334
3 0.7640625 0.5614583333333333 0.1421875 0.19583333333333333
12 0.521875 0.6291666666666667 0.0453125 0.17708333333333334
12 0.48359375 0.49583333333333335 0.0390625 0.12708333333333333
4 0.9234375 0.8020833333333334 0.1515625 0.26458333333333334
14 0.1046875 0.825 0.125 0.16041666666666668
4 0.72421875 0.45625 0.16875 0.10833333333333334
10 0.4453125 0.328125 0.0296875 0.08125
0 0.42734375 0.2552083333333333 0.0515625 0.05625
12 0.32890625 0.6229166666666667 0.0390625 0.16666666666666666
9 0.359375 0.56875 0.0703125 0.0875
12 0.59296875 0.6083333333333333 0.0390625 0.15625