5 0.4328125 0.6041666666666666 0.0421875 0.15
5 0.4859375 0.7583333333333333 0.06875 0.16875
5 0.1640625 0.7822916666666667 0.159375 0.13333333333333333
5 0.30078125 0.9260416666666667 0.10625 0.14791666666666667
5 0.1375 0.9229166666666667 0.1703125 0.15208333333333332
15 0.67578125 0.8708333333333333 0.0734375 0.25416666666666665
15 0.59765625 0.640625 0.0578125 0.17083333333333334
15 0.621875 0.509375 0.0484375 0.14166666666666666
14 0.47421875 0.33541666666666664 0.03125 0.08541666666666667
15 0.50625 0.3177083333333333 0.0203125 0.06666666666666667
15 0.29453125 0.4666666666666667 0.0765625 0.10625
12 0.32265625 0.7322916666666667 0.059375 0.2
12 0.44765625 0.90625 0.1 0.1875
12 0.57265625 0.9125 0.0703125 0.175
12 0.66015625 0.46458333333333335 0.0296875 0.12916666666666668
12 0.4125 0.296875 0.0203125 0.07708333333333334
12 0.23203125 0.571875 0.034375 0.14791666666666667
9 0.7953125 0.60625 0.121875 0.09583333333333334
9 0.725 0.4510416666666667 0.090625 0.08541666666666667
4 0.8984375 0.903125 0.203125 0.19375
4 0.65390625 0.33958333333333335 0.121875 0.0875
14 0.671875 0.37083333333333335 0.06875 0.06041666666666667
14 0.3546875 0.3145833333333333 0.0578125 0.05625
14 0.8984375 0.7270833333333333 0.13125 0.13958333333333334
14 0.26640625 0.5645833333333333 0.071875 0.08541666666666667
14 0.2953125 0.53125 0.08125 0.07916666666666666
6 0.6734375 0.76875 0.028125 0.05
11 0.59296875 0.578125 0.015625 0.027083333333333334
11 0.6203125 0.4552083333333333 0.0109375 0.022916666666666665
11 0.471875 0.303125 0.009375 0.016666666666666666
10 0.58359375 0.353125 0.0375 0.09791666666666667