0 0.84140625 0.6541666666666667 0.1515625 0.18958333333333333
4 0.9625 0.6072916666666667 0.075 0.23958333333333334
0 0.85 0.8854166666666666 0.2234375 0.21875
0 0.36953125 0.8583333333333333 0.35 0.2833333333333333
0 0.4359375 0.6958333333333333 0.28125 0.24375
14 0.140625 0.6541666666666667 0.040625 0.22708333333333333
14 0.1921875 0.6489583333333333 0.053125 0.18333333333333332
14 0.7328125 0.56875 0.0515625 0.15208333333333332
9 0.1 0.671875 0.04375 0.22916666666666666
9 0.05859375 0.6947916666666667 0.0609375 0.21875
12 0.15859375 0.46979166666666666 0.0375 0.15625
12 0.19453125 0.47291666666666665 0.0390625 0.15833333333333333
12 0.5328125 0.4010416666666667 0.028125 0.15416666666666667
12 0.596875 0.421875 0.0234375 0.16041666666666668
12 0.61640625 0.46770833333333334 0.0234375 0.21041666666666667