0 0.5421875 0.29375 0.065625 0.11458333333333333
12 0.33515625 0.3541666666666667 0.0359375 0.12708333333333333
13 0.41171875 0.3625 0.0625 0.14375
10 0.46796875 0.3927083333333333 0.040625 0.12291666666666666
15 0.52421875 0.6020833333333333 0.0515625 0.20208333333333334
4 0.7171875 0.503125 0.215625 0.19166666666666668
11 0.525 0.5302083333333333 0.0203125 0.035416666666666666
12 0.2296875 0.6322916666666667 0.0609375 0.175
12 0.15078125 0.6708333333333333 0.059375 0.11458333333333333
12 0.14375 0.5302083333333333 0.0375 0.09583333333333334
12 0.58359375 0.465625 0.0421875 0.13958333333333334
14 0.2578125 0.42604166666666665 0.0984375 0.10416666666666667
14 0.08671875 0.840625 0.1453125 0.12708333333333333
14 0.1296875 0.76875 0.14375 0.09791666666666667
14 0.159375 0.6333333333333333 0.121875 0.08541666666666667
14 0.93046875 0.7927083333333333 0.1390625 0.17916666666666667
9 0.6421875 0.3260416666666667 0.0875 0.06875
9 0.60859375 0.2760416666666667 0.0640625 0.06458333333333334