4 0.8375 0.8770833333333333 0.296875 0.24583333333333332
14 0.7671875 0.6114583333333333 0.1453125 0.17083333333333334
10 0.490625 0.46458333333333335 0.0515625 0.16041666666666668
4 0.45546875 0.8395833333333333 0.2171875 0.3125
14 0.6921875 0.5520833333333334 0.1140625 0.08958333333333333
12 0.33203125 0.521875 0.0515625 0.14583333333333334
10 0.5515625 0.4864583333333333 0.0546875 0.15416666666666667
6 0.55546875 0.42604166666666665 0.01875 0.035416666666666666
14 0.175 0.8697916666666666 0.1734375 0.15208333333333332
9 0.1765625 0.7895833333333333 0.178125 0.13333333333333333
9 0.1703125 0.6885416666666667 0.15625 0.10208333333333333