12 0.31015625 0.5625 0.0359375 0.16666666666666666
12 0.35859375 0.5541666666666667 0.046875 0.17708333333333334
12 0.196875 0.9072916666666667 0.0640625 0.18333333333333332
12 0.25390625 0.85625 0.053125 0.19375
12 0.3171875 0.909375 0.046875 0.18125
12 0.28515625 0.7854166666666667 0.0921875 0.16041666666666668
14 0.8546875 0.6833333333333333 0.1375 0.14166666666666666
14 0.2578125 0.44583333333333336 0.08125 0.09375
9 0.678125 0.40208333333333335 0.10625 0.09791666666666667
9 0.2046875 0.55 0.1171875 0.08958333333333333
0 0.6234375 0.6041666666666666 0.090625 0.3145833333333333
0 0.45625 0.8552083333333333 0.1484375 0.28958333333333336
9 0.09609375 0.9229166666666667 0.1734375 0.11458333333333333
15 0.53125 0.3385416666666667 0.0421875 0.11041666666666666