12 0.478125 0.71875 0.053125 0.20208333333333334
12 0.52890625 0.7239583333333334 0.0359375 0.18541666666666667
12 0.48671875 0.578125 0.04375 0.10208333333333333
12 0.82265625 0.5854166666666667 0.0359375 0.15833333333333333
12 0.95546875 0.6239583333333333 0.0359375 0.10208333333333333
12 0.82421875 0.44479166666666664 0.040625 0.08333333333333333
0 0.7359375 0.8 0.10625 0.375
0 0.715625 0.53125 0.078125 0.16875
14 0.278125 0.703125 0.1359375 0.1375
14 0.17265625 0.784375 0.1015625 0.11041666666666666
9 0.45078125 0.484375 0.09375 0.06875
9 0.22109375 0.75 0.15 0.1
9 0.94375 0.9239583333333333 0.1125 0.15
9 0.29140625 0.609375 0.0875 0.07291666666666667