0 0.56875 0.54375 0.1140625 0.2125
15 0.44765625 0.5979166666666667 0.0734375 0.17708333333333334
0 0.4703125 0.415625 0.071875 0.17916666666666667
15 0.40859375 0.39895833333333336 0.0390625 0.13333333333333333
0 0.5359375 0.334375 0.071875 0.15416666666666667
12 0.31875 0.9135416666666667 0.0828125 0.17291666666666666
12 0.1375 0.9 0.06875 0.18125
12 0.85078125 0.7677083333333333 0.0609375 0.23333333333333334
12 0.88203125 0.8041666666666667 0.04375 0.22291666666666668
12 0.9796875 0.65 0.040625 0.17291666666666666
12 0.3171875 0.5260416666666666 0.0390625 0.14375
9 0.2609375 0.584375 0.05625 0.13125
9 0.16953125 0.5697916666666667 0.11875 0.0875
9 0.16875 0.6604166666666667 0.121875 0.08333333333333333
9 0.778125 0.5770833333333333 0.1296875 0.09791666666666667
1 0.73203125 0.5166666666666667 0.09375 0.08125
14 0.825 0.6760416666666667 0.11875 0.09166666666666666
14 0.13984375 0.725 0.15625 0.06458333333333334
14 0.65859375 0.484375 0.09375 0.0875
14 0.2203125 0.41875 0.0890625 0.07291666666666667