10 0.69296875 0.6614583333333334 0.059375 0.17083333333333334
12 0.759375 0.9447916666666667 0.078125 0.10625
4 0.0578125 0.9489583333333333 0.103125 0.09791666666666667
0 0.60546875 0.31979166666666664 0.05 0.13541666666666666
9 0.9328125 0.9322916666666666 0.13125 0.13541666666666666
0 0.6 0.21979166666666666 0.0359375 0.06458333333333334
10 0.63515625 0.85625 0.08125 0.22708333333333333
0 0.571875 0.6302083333333334 0.1203125 0.25
0 0.359375 0.7875 0.1265625 0.29583333333333334
0 0.42890625 0.896875 0.275 0.2
14 0.21953125 0.8208333333333333 0.1609375 0.11666666666666667
14 0.375 0.490625 0.0890625 0.09166666666666666
14 0.45390625 0.4625 0.09375 0.08333333333333333
14 0.79765625 0.3697916666666667 0.0796875 0.0625
0 0.728125 0.31354166666666666 0.0453125 0.11875
0 0.67890625 0.24166666666666667 0.0546875 0.09791666666666667