0 0.6546875 0.30520833333333336 0.0921875 0.14166666666666666
0 0.81640625 0.4583333333333333 0.146875 0.22708333333333333
4 0.14453125 0.6208333333333333 0.190625 0.4375
10 0.20859375 0.2677083333333333 0.0609375 0.09166666666666666
0 0.53984375 0.21041666666666667 0.05 0.0875
0 0.0109375 0.41458333333333336 0.021875 0.20833333333333334
15 0.21796875 0.19166666666666668 0.025 0.04583333333333333
10 0.440625 0.23229166666666667 0.034375 0.08333333333333333
12 0.6421875 0.4395833333333333 0.05 0.12916666666666668
0 0.38671875 0.24270833333333333 0.04375 0.08541666666666667
7 0.13671875 0.61875 0.046875 0.027083333333333334