0 0.6015625 0.5354166666666667 0.09375 0.22916666666666666
0 0.4609375 0.39479166666666665 0.0765625 0.16041666666666668
15 0.43359375 0.525 0.053125 0.1375
15 0.42890625 0.8885416666666667 0.0828125 0.22291666666666668
12 0.1125 0.90625 0.05 0.17708333333333334
12 0.66875 0.5229166666666667 0.0328125 0.16041666666666668
9 0.1671875 0.7291666666666666 0.1453125 0.11666666666666667
15 0.19140625 0.671875 0.121875 0.06041666666666667
11 0.41484375 0.7864583333333334 0.0234375 0.035416666666666666
11 0.434375 0.7989583333333333 0.025 0.03958333333333333
11 0.4265625 0.465625 0.015625 0.022916666666666665
0 0.35390625 0.45208333333333334 0.071875 0.17291666666666666
0 0.52734375 0.4395833333333333 0.0796875 0.18125
14 0.74453125 0.5510416666666667 0.1125 0.10625
14 0.81640625 0.6302083333333334 0.1359375 0.13125
9 0.178125 0.6020833333333333 0.1421875 0.09583333333333334
12 0.31484375 0.6979166666666666 0.0578125 0.19166666666666668
12 0.22890625 0.9166666666666666 0.0453125 0.16458333333333333
12 0.15234375 0.9125 0.0421875 0.175
12 0.67890625 0.7114583333333333 0.0515625 0.22708333333333333
14 0.22578125 0.41770833333333335 0.09375 0.0875