0 0.93359375 0.4822916666666667 0.10625 0.17916666666666667
0 0.76171875 0.5104166666666666 0.0890625 0.20416666666666666
0 0.08125 0.8427083333333333 0.1421875 0.3020833333333333
10 0.40546875 0.40520833333333334 0.0453125 0.11458333333333333
4 0.04375 0.5052083333333334 0.0703125 0.12916666666666668
0 0.403125 0.27708333333333335 0.0453125 0.08958333333333333
0 0.61953125 0.19479166666666667 0.028125 0.05416666666666667
0 0.5796875 0.18958333333333333 0.0328125 0.05
10 0.334375 0.31666666666666665 0.03125 0.07708333333333334
15 0.66171875 0.6947916666666667 0.06875 0.21041666666666667
15 0.64765625 0.346875 0.0328125 0.08958333333333333
4 0.928125 0.3697916666666667 0.115625 0.10833333333333334
6 0.6609375 0.6052083333333333 0.028125 0.029166666666666667
0 0.81875 0.33645833333333336 0.10625 0.09791666666666667
15 0.8015625 0.3729166666666667 0.046875 0.07291666666666667
10 0.83046875 0.9239583333333333 0.1015625 0.15208333333333332
4 0.5078125 0.15416666666666667 0.040625 0.03958333333333333
10 0.6328125 0.2375 0.0234375 0.05
6 0.40546875 0.36041666666666666 0.0171875 0.01875
6 0.64921875 0.31354166666666666 0.015625 0.020833333333333332
4 0.69296875 0.16875 0.065625 0.04583333333333333
10 0.4890625 0.215625 0.0234375 0.052083333333333336
6 0.8359375 0.8770833333333333 0.0390625 0.05
15 0.49140625 0.24791666666666667 0.040625 0.03958333333333333
4 0.07734375 0.3927083333333333 0.1546875 0.14375