9 0.7609375 0.5427083333333333 0.121875 0.10208333333333333
12 0.734375 0.7885416666666667 0.065625 0.22291666666666668
2 0.51875 0.3375 0.0296875 0.11875
12 0.31953125 0.28020833333333334 0.0359375 0.08958333333333333
10 0.39375 0.6947916666666667 0.0703125 0.21875
12 0.3859375 0.16770833333333332 0.0328125 0.07708333333333334
12 0.81328125 0.93125 0.0625 0.13541666666666666
14 0.21875 0.3885416666666667 0.09375 0.08333333333333333
6 0.39296875 0.6010416666666667 0.025 0.035416666666666666
14 0.678125 0.39166666666666666 0.090625 0.08333333333333333
12 0.09296875 0.9020833333333333 0.0703125 0.16666666666666666
9 0.19375 0.646875 0.1390625 0.11666666666666667
14 0.18515625 0.5697916666666667 0.1265625 0.08541666666666667