5 0.39296875 0.74375 0.0890625 0.20833333333333334
5 0.41015625 0.5739583333333333 0.11875 0.12291666666666666
5 0.25 0.959375 0.0734375 0.08125
14 0.82265625 0.559375 0.0671875 0.0875
14 0.30078125 0.5854166666666667 0.096875 0.08958333333333333
14 0.2859375 0.5052083333333334 0.075 0.08541666666666667
14 0.2578125 0.5395833333333333 0.0796875 0.07083333333333333
4 0.36953125 0.41875 0.1015625 0.10625
4 0.440625 0.29270833333333335 0.0578125 0.06666666666666667
4 0.6765625 0.4166666666666667 0.1171875 0.12083333333333333
4 0.7046875 0.5052083333333334 0.103125 0.13333333333333333
7 0.70546875 0.5239583333333333 0.03125 0.0125
7 0.69453125 0.4322916666666667 0.0265625 0.010416666666666666
7 0.38203125 0.43854166666666666 0.0234375 0.008333333333333333
12 0.24296875 0.625 0.065625 0.15833333333333333
15 0.6390625 0.61875 0.0625 0.14791666666666667
11 0.63125 0.5572916666666666 0.0203125 0.027083333333333334