9 0.7390625 0.50625 0.1203125 0.09166666666666666
9 0.63828125 0.325 0.0796875 0.07083333333333333
9 0.60078125 0.28020833333333334 0.078125 0.052083333333333336
14 0.94296875 0.8364583333333333 0.1140625 0.15625
14 0.25078125 0.4322916666666667 0.0875 0.10625
14 0.284375 0.403125 0.0828125 0.08541666666666667
14 0.859375 0.6375 0.0890625 0.17291666666666666
12 0.68984375 0.7197916666666667 0.053125 0.19583333333333333
12 0.634375 0.6354166666666666 0.04375 0.17708333333333334
0 0.15390625 0.8354166666666667 0.178125 0.32916666666666666
0 0.48671875 0.31666666666666665 0.0609375 0.14166666666666666
10 0.365625 0.39895833333333336 0.0375 0.12083333333333333