9 0.13828125 0.9322916666666666 0.1953125 0.13541666666666666
9 0.1734375 0.5833333333333334 0.125 0.10208333333333333
9 0.15 0.7958333333333333 0.165625 0.12708333333333333
14 0.20859375 0.84375 0.1484375 0.12291666666666666
14 0.79140625 0.63125 0.1359375 0.12708333333333333
14 0.7515625 0.553125 0.103125 0.11666666666666667
14 0.16796875 0.7145833333333333 0.1359375 0.09166666666666666
14 0.2234375 0.43125 0.0828125 0.08541666666666667
14 0.6734375 0.40625 0.08125 0.08125
4 0.31015625 0.484375 0.125 0.20625
4 0.36015625 0.309375 0.078125 0.1125
10 0.35625 0.6770833333333334 0.1375 0.18541666666666667
7 0.30546875 0.5604166666666667 0.0375 0.016666666666666666
10 0.40703125 0.403125 0.0375 0.1125
10 0.56875 0.34479166666666666 0.0375 0.125
12 0.3421875 0.5375 0.0421875 0.15625
11 0.3609375 0.6010416666666667 0.0234375 0.035416666666666666
11 0.40390625 0.353125 0.0125 0.014583333333333334
12 0.84140625 0.5302083333333333 0.0421875 0.12708333333333333