15 0.165625 0.696875 0.13125 0.19166666666666668
15 0.3203125 0.5927083333333333 0.1234375 0.15625
15 0.7328125 0.5395833333333333 0.059375 0.18958333333333333
15 0.12421875 0.5510416666666667 0.0546875 0.12083333333333333
10 0.18515625 0.5239583333333333 0.0734375 0.10416666666666667
6 0.134375 0.6229166666666667 0.0328125 0.04375
6 0.30703125 0.521875 0.0234375 0.029166666666666667
11 0.10859375 0.4979166666666667 0.0203125 0.029166666666666667
11 0.7265625 0.475 0.021875 0.03125
12 0.88359375 0.628125 0.0546875 0.21875
0 0.88203125 0.4322916666666667 0.1296875 0.21666666666666667