0 0.390625 0.74375 0.153125 0.3020833333333333
9 0.9265625 0.79375 0.134375 0.1375
14 0.91796875 0.7114583333333333 0.1109375 0.09583333333333334
9 0.91015625 0.6614583333333334 0.10625 0.06666666666666667
14 0.21640625 0.8145833333333333 0.1390625 0.11666666666666667
9 0.2109375 0.7614583333333333 0.153125 0.1
14 0.2609375 0.7 0.1109375 0.11875
9 0.30078125 0.6239583333333333 0.11875 0.09375
15 0.58203125 0.6635416666666667 0.075 0.19583333333333333
11 0.58125 0.5833333333333334 0.0265625 0.035416666666666666
14 0.4609375 0.46770833333333334 0.0765625 0.07916666666666666