2 0.33515625 0.8395833333333333 0.1328125 0.29791666666666666
1 0.15 0.43125 0.05625 0.11458333333333333
14 0.16796875 0.8354166666666667 0.090625 0.24166666666666667
14 0.22421875 0.5927083333333333 0.125 0.1
14 0.20546875 0.478125 0.128125 0.09166666666666666
14 0.24453125 0.43333333333333335 0.0953125 0.09791666666666667
15 0.846875 0.7739583333333333 0.109375 0.23333333333333334
0 0.31875 0.315625 0.1171875 0.16458333333333333
0 0.59765625 0.853125 0.3453125 0.28541666666666665
0 0.8171875 0.446875 0.196875 0.21875
0 0.63671875 0.33229166666666665 0.0671875 0.2
0 0.57734375 0.2760416666666667 0.0625 0.175
0 0.46328125 0.23229166666666667 0.0859375 0.11666666666666667
0 0.74609375 0.3302083333333333 0.1234375 0.14166666666666666
12 0.9296875 0.5083333333333333 0.0359375 0.19166666666666668
12 0.4015625 0.378125 0.0421875 0.14583333333333334
12 0.48984375 0.390625 0.0625 0.16041666666666668
12 0.246875 0.778125 0.059375 0.24166666666666667
12 0.06328125 0.9020833333333333 0.0796875 0.19375
6 0.8578125 0.6875 0.025 0.04791666666666667
12 0.02421875 0.44895833333333335 0.0359375 0.16458333333333333