12 0.62578125 0.6666666666666666 0.0203125 0.14166666666666666
12 0.65546875 0.6260416666666667 0.0296875 0.10625
12 0.82265625 0.6604166666666667 0.0328125 0.13958333333333334
12 0.68515625 0.6052083333333333 0.028125 0.05416666666666667
12 0.71484375 0.6114583333333333 0.028125 0.07291666666666667
12 0.32109375 0.5708333333333333 0.0265625 0.09375
12 0.203125 0.5385416666666667 0.0171875 0.08958333333333333
12 0.42734375 0.909375 0.0734375 0.17916666666666667
0 0.734375 0.8958333333333334 0.2234375 0.20833333333333334
0 0.221875 0.8958333333333334 0.2390625 0.20833333333333334
0 0.378125 0.7229166666666667 0.1421875 0.18541666666666667
0 0.17265625 0.7395833333333334 0.178125 0.19166666666666668
0 0.04296875 0.6520833333333333 0.0859375 0.17083333333333334