14 0.17578125 0.878125 0.1734375 0.14166666666666666
4 0.71484375 0.8729166666666667 0.346875 0.2375
14 0.76015625 0.6385416666666667 0.134375 0.12916666666666668
12 0.5640625 0.534375 0.04375 0.16666666666666666
6 0.51171875 0.65 0.0296875 0.0375
15 0.5140625 0.7583333333333333 0.0734375 0.25
12 0.18046875 0.684375 0.053125 0.1625
9 0.1796875 0.7947916666666667 0.18125 0.10833333333333334
14 0.69375 0.5354166666666667 0.0984375 0.09166666666666666
14 0.75234375 0.5510416666666667 0.1015625 0.09375
14 0.6328125 0.45729166666666665 0.096875 0.0875
9 0.15859375 0.5739583333333333 0.1203125 0.08333333333333333