4 0.17421875 0.6291666666666667 0.2203125 0.19375
12 0.39609375 0.4552083333333333 0.0328125 0.11041666666666666
12 0.47109375 0.2833333333333333 0.015625 0.06041666666666667
0 0.62890625 0.2 0.021875 0.04583333333333333
15 0.7625 0.9291666666666667 0.1078125 0.13958333333333334
0 0.5703125 0.4895833333333333 0.090625 0.14791666666666667
15 0.6046875 0.196875 0.015625 0.035416666666666666
12 0.1421875 0.9208333333333333 0.053125 0.15833333333333333
9 0.05078125 0.815625 0.1015625 0.1625
12 0.56640625 0.25625 0.0203125 0.05625
4 0.36015625 0.3260416666666667 0.0671875 0.08333333333333333