4 0.93984375 0.08541666666666667 0.11875 0.16875
12 0.35234375 0.3072916666666667 0.0375 0.15208333333333332
12 0.40234375 0.2708333333333333 0.0546875 0.17083333333333334
15 0.83515625 0.8677083333333333 0.1140625 0.26458333333333334
0 0.7234375 0.45729166666666665 0.134375 0.29791666666666666
4 0.41015625 0.6270833333333333 0.225 0.35625
6 0.63046875 0.053125 0.01875 0.020833333333333332
6 0.846875 0.809375 0.0484375 0.0625
6 0.84921875 0.7635416666666667 0.046875 0.03958333333333333
12 0.50078125 0.12083333333333333 0.0265625 0.11666666666666667
10 0.48828125 0.042708333333333334 0.03125 0.08125
12 0.36875 0.109375 0.0328125 0.11458333333333333
15 0.63046875 0.096875 0.04375 0.11666666666666667
12 0.084375 0.728125 0.0984375 0.22916666666666666
12 0.55859375 0.10729166666666666 0.0328125 0.1125
12 0.2671875 0.396875 0.0609375 0.20416666666666666