4 0.746875 0.8104166666666667 0.2609375 0.37083333333333335
15 0.26640625 0.70625 0.1375 0.19166666666666668
14 0.290625 0.5958333333333333 0.0875 0.13333333333333333
11 0.265625 0.6322916666666667 0.021875 0.035416666666666666
12 0.05234375 0.771875 0.0671875 0.21666666666666667
9 0.15 0.9145833333333333 0.1875 0.13958333333333334
9 0.14296875 0.8052083333333333 0.171875 0.11666666666666667
9 0.15546875 0.684375 0.1296875 0.09375
9 0.77578125 0.575 0.1296875 0.11666666666666667
12 0.140625 0.596875 0.0578125 0.125
9 0.1828125 0.5302083333333333 0.0875 0.08125