5 0.16015625 0.86875 0.1875 0.16458333333333333
15 0.684375 0.8739583333333333 0.0734375 0.23958333333333334
11 0.6828125 0.7708333333333334 0.0296875 0.03333333333333333
15 0.515625 0.33541666666666664 0.0296875 0.08333333333333333
2 0.3859375 0.425 0.028125 0.09166666666666666
2 0.42109375 0.421875 0.034375 0.07916666666666666
12 0.6125 0.49270833333333336 0.025 0.1375
12 0.6453125 0.4895833333333333 0.028125 0.12291666666666666
12 0.28125 0.565625 0.0390625 0.12916666666666668
12 0.3453125 0.403125 0.0296875 0.09166666666666666
12 0.30078125 0.3885416666666667 0.0265625 0.06666666666666667
9 0.30390625 0.44479166666666664 0.0796875 0.075
9 0.36640625 0.275 0.0484375 0.0375
14 0.309375 0.5177083333333333 0.0890625 0.08541666666666667