0 0.8609375 0.7625 0.2515625 0.38333333333333336
12 0.62578125 0.23645833333333333 0.028125 0.0875
0 0.44453125 0.21145833333333333 0.0640625 0.13541666666666666
0 0.371875 0.37916666666666665 0.11875 0.17083333333333334
0 0.66796875 0.565625 0.153125 0.27708333333333335
0 0.3296875 0.5760416666666667 0.109375 0.28541666666666665
12 0.5203125 0.578125 0.0546875 0.16666666666666666
9 0.73046875 0.2625 0.0359375 0.06666666666666667
13 0.946875 0.44895833333333335 0.1015625 0.11666666666666667
12 0.41875 0.5177083333333333 0.053125 0.09375
12 0.86796875 0.3260416666666667 0.0390625 0.11041666666666666
12 0.39375 0.18645833333333334 0.025 0.08541666666666667
12 0.14609375 0.7770833333333333 0.0703125 0.22916666666666666
12 0.421875 0.6197916666666666 0.05 0.17291666666666666
12 0.94921875 0.35 0.0421875 0.10833333333333334
12 0.90625 0.3614583333333333 0.0296875 0.07916666666666666
12 0.23125 0.7729166666666667 0.0625 0.22291666666666668
12 0.46171875 0.6333333333333333 0.0390625 0.17708333333333334
12 0.1421875 0.4708333333333333 0.0390625 0.15
9 0.20390625 0.44375 0.103125 0.1
9 0.23515625 0.40729166666666666 0.0984375 0.09166666666666666
0 0.48203125 0.41041666666666665 0.084375 0.20625
9 0.67421875 0.24166666666666667 0.0734375 0.07083333333333333
4 0.34453125 0.26875 0.090625 0.125