5 0.64375 0.7364583333333333 0.1640625 0.18125
5 0.57109375 0.628125 0.1484375 0.14166666666666666
5 0.33125 0.9635416666666666 0.0609375 0.07291666666666667
14 0.3796875 0.5333333333333333 0.1 0.08125
14 0.2875 0.5041666666666667 0.075 0.09166666666666666
14 0.25859375 0.5385416666666667 0.0734375 0.08541666666666667
14 0.2984375 0.5854166666666667 0.1 0.0875
4 0.36640625 0.4197916666666667 0.096875 0.1
4 0.703125 0.5052083333333334 0.1 0.13333333333333333
4 0.675 0.40729166666666666 0.11875 0.10625
7 0.7046875 0.5229166666666667 0.028125 0.010416666666666666
7 0.69375 0.4322916666666667 0.0265625 0.008333333333333333
7 0.3828125 0.4375 0.0234375 0.008333333333333333
12 0.61796875 0.5333333333333333 0.03125 0.09583333333333334
12 0.6796875 0.55 0.0328125 0.12083333333333333
12 0.78671875 0.6083333333333333 0.0328125 0.12291666666666666
12 0.75625 0.6270833333333333 0.0328125 0.1375
12 0.646875 0.5635416666666667 0.025 0.10416666666666667
12 0.39296875 0.665625 0.0390625 0.17708333333333334
12 0.3578125 0.66875 0.0375 0.17083333333333334
12 0.2359375 0.6864583333333333 0.053125 0.17916666666666667