5 0.49140625 0.840625 0.121875 0.20208333333333334
5 0.6984375 0.7802083333333333 0.109375 0.20625
4 0.36875 0.421875 0.103125 0.10208333333333333
4 0.371875 0.346875 0.084375 0.07916666666666666
4 0.540625 0.384375 0.090625 0.12083333333333333
7 0.54453125 0.4239583333333333 0.0265625 0.010416666666666666
7 0.3828125 0.4375 0.0265625 0.008333333333333333
4 0.38046875 0.25833333333333336 0.0484375 0.05625
7 0.3828125 0.26979166666666665 0.015625 0.008333333333333333
4 0.678125 0.41041666666666665 0.1265625 0.12083333333333333
4 0.70390625 0.5072916666666667 0.103125 0.13541666666666666
7 0.69453125 0.43333333333333335 0.0265625 0.010416666666666666
7 0.7046875 0.5229166666666667 0.03125 0.0125
15 0.821875 0.5395833333333333 0.0671875 0.15
11 0.81015625 0.4822916666666667 0.0140625 0.022916666666666665
12 0.22890625 0.7083333333333334 0.04375 0.19583333333333333
12 0.196875 0.6625 0.04375 0.13958333333333334
14 0.38125 0.53125 0.1046875 0.0875
14 0.2984375 0.5802083333333333 0.1015625 0.10208333333333333
14 0.2890625 0.5 0.071875 0.10833333333333334
14 0.25703125 0.5385416666666667 0.06875 0.0875