5 0.2703125 0.8625 0.1578125 0.17916666666666667
5 0.78046875 0.8947916666666667 0.0828125 0.21041666666666667
12 0.496875 0.8 0.05625 0.22291666666666668
14 0.28671875 0.5052083333333334 0.0765625 0.08125
12 0.28515625 0.465625 0.0328125 0.09166666666666666
12 0.37265625 0.465625 0.0359375 0.08958333333333333
4 0.36875 0.42083333333333334 0.103125 0.10208333333333333
12 0.38515625 0.4479166666666667 0.0296875 0.08333333333333333
4 0.5015625 0.5072916666666667 0.1421875 0.13333333333333333
4 0.70234375 0.503125 0.1078125 0.1375
7 0.525 0.5197916666666667 0.028125 0.0125
7 0.70546875 0.5229166666666667 0.034375 0.016666666666666666
4 0.67421875 0.40729166666666666 0.10625 0.10833333333333334
7 0.69453125 0.4322916666666667 0.0234375 0.010416666666666666
14 0.37890625 0.5322916666666667 0.0953125 0.07708333333333334
14 0.2984375 0.584375 0.1 0.08125
14 0.25859375 0.54375 0.078125 0.06875