0 0.3390625 0.5197916666666667 0.1 0.27708333333333335
0 0.8109375 0.56875 0.14375 0.26666666666666666
0 0.92421875 0.8947916666666667 0.1515625 0.2
12 0.27109375 0.665625 0.0984375 0.22291666666666668
4 0.3484375 0.2760416666666667 0.1015625 0.12291666666666666
0 0.63984375 0.28229166666666666 0.0921875 0.18958333333333333
15 0.54609375 0.284375 0.04375 0.14166666666666666
10 0.4609375 0.17604166666666668 0.0359375 0.1
4 0.3890625 0.11875 0.1171875 0.09791666666666667
7 0.82734375 0.6052083333333333 0.025 0.016666666666666666
12 0.41484375 0.49270833333333336 0.034375 0.15625
12 0.8671875 0.3333333333333333 0.040625 0.12916666666666668
12 0.90625 0.490625 0.0453125 0.16041666666666668