12 0.63984375 0.8895833333333333 0.0796875 0.22083333333333333
12 0.71796875 0.8833333333333333 0.0734375 0.23333333333333334
12 0.628125 0.7135416666666666 0.0609375 0.175
12 0.6890625 0.7260416666666667 0.0640625 0.15416666666666667
12 0.8734375 0.896875 0.0625 0.20625
14 0.40078125 0.6302083333333334 0.06875 0.20416666666666666
11 0.3953125 0.571875 0.0234375 0.04791666666666667
15 0.52890625 0.428125 0.046875 0.125
14 0.7515625 0.8447916666666667 0.071875 0.20833333333333334
14 0.83046875 0.7458333333333333 0.121875 0.13958333333333334
14 0.16171875 0.73125 0.13125 0.11458333333333333
14 0.18359375 0.63125 0.1234375 0.11666666666666667
14 0.66875 0.503125 0.0859375 0.10208333333333333
9 0.81015625 0.6385416666666667 0.1625 0.11875