12 0.365625 0.7885416666666667 0.046875 0.16458333333333333
12 0.42578125 0.765625 0.0546875 0.2
12 0.31796875 0.775 0.0515625 0.22083333333333333
10 0.68515625 0.7572916666666667 0.0671875 0.28958333333333336
6 0.6859375 0.6541666666666667 0.034375 0.04375
12 0.403125 0.5416666666666666 0.0375 0.18125
12 0.4453125 0.49895833333333334 0.03125 0.16666666666666666
12 0.98125 0.65 0.0375 0.16875
14 0.8328125 0.6875 0.0828125 0.19375
9 0.8859375 0.46770833333333334 0.11875 0.09375
14 0.92109375 0.40520833333333334 0.0859375 0.09166666666666666
9 0.92421875 0.6708333333333333 0.1078125 0.125
9 0.88984375 0.55 0.146875 0.1125
4 0.284375 0.40625 0.221875 0.13125