5 0.11796875 0.8947916666666667 0.196875 0.21041666666666667
14 0.30546875 0.5166666666666667 0.0859375 0.08958333333333333
9 0.30546875 0.4427083333333333 0.0828125 0.06666666666666667
12 0.41875 0.5645833333333333 0.034375 0.14166666666666666
12 0.37265625 0.5625 0.0328125 0.1375
12 0.39609375 0.5364583333333334 0.028125 0.125
12 0.359375 0.5072916666666667 0.0265625 0.08958333333333333
12 0.5640625 0.334375 0.0203125 0.08333333333333333
12 0.5859375 0.3385416666666667 0.0234375 0.0875
9 0.61328125 0.29583333333333334 0.0609375 0.04583333333333333
9 0.36796875 0.27395833333333336 0.053125 0.03958333333333333
0 0.51640625 0.23125 0.0328125 0.06666666666666667
2 0.459375 0.328125 0.021875 0.075
2 0.52734375 0.31354166666666666 0.0203125 0.06458333333333334
10 0.50546875 0.31875 0.0234375 0.07708333333333334
1 0.56328125 0.24479166666666666 0.0421875 0.03125
1 0.58828125 0.22083333333333333 0.0375 0.029166666666666667