5 0.446875 0.5270833333333333 0.0546875 0.12291666666666666
5 0.49375 0.625 0.0578125 0.13958333333333334
5 0.16484375 0.7802083333333333 0.1609375 0.1375
5 0.3078125 0.9239583333333333 0.140625 0.15208333333333332
5 0.14296875 0.9239583333333333 0.171875 0.15208333333333332
12 0.45625 0.878125 0.071875 0.24375
12 0.5953125 0.7666666666666667 0.071875 0.18333333333333332
12 0.49140625 0.7625 0.075 0.175
10 0.65703125 0.678125 0.059375 0.18958333333333333
15 0.60703125 0.5604166666666667 0.0484375 0.15
15 0.55546875 0.48020833333333335 0.04375 0.13125
15 0.5046875 0.37604166666666666 0.034375 0.09583333333333334
15 0.5765625 0.3927083333333333 0.0328125 0.09791666666666667
11 0.65859375 0.6010416666666667 0.0140625 0.03125
11 0.5015625 0.33645833333333336 0.0109375 0.016666666666666666
11 0.57421875 0.35208333333333336 0.0125 0.016666666666666666
6 0.60390625 0.5041666666666667 0.01875 0.03125
6 0.55 0.428125 0.015625 0.022916666666666665
4 0.90078125 0.9 0.1984375 0.2
14 0.90078125 0.721875 0.1328125 0.14166666666666666
14 0.25703125 0.5583333333333333 0.090625 0.09375
14 0.28984375 0.528125 0.0875 0.08541666666666667
15 0.29375 0.4625 0.0828125 0.09375
14 0.67265625 0.36770833333333336 0.0703125 0.06666666666666667
9 0.7953125 0.6020833333333333 0.125 0.10208333333333333
9 0.728125 0.453125 0.0890625 0.08333333333333333
12 0.68359375 0.5104166666666666 0.03125 0.14583333333333334
14 0.35234375 0.32395833333333335 0.0578125 0.05625
4 0.64921875 0.33958333333333335 0.1328125 0.08125