15 0.8421875 0.3229166666666667 0.0453125 0.11041666666666666
0 0.5453125 0.18541666666666667 0.0578125 0.11458333333333333
12 0.94765625 0.290625 0.040625 0.1125
4 0.653125 0.5604166666666667 0.203125 0.325
8 0.065625 0.278125 0.115625 0.24583333333333332
0 0.59921875 0.159375 0.0515625 0.09166666666666666
12 0.7609375 0.19791666666666666 0.0265625 0.075
0 0.6453125 0.209375 0.0515625 0.11666666666666667
10 0.91796875 0.7614583333333333 0.1625 0.47708333333333336
14 0.83125 0.2552083333333333 0.0546875 0.06041666666666667
10 0.29296875 0.18854166666666666 0.0453125 0.10625
10 0.328125 0.14166666666666666 0.028125 0.08541666666666667
0 0.2359375 0.14375 0.0484375 0.08541666666666667
8 0.4828125 0.12395833333333334 0.05625 0.12916666666666668