12 0.64375 0.353125 0.0375 0.1
8 0.68359375 0.5427083333333333 0.2453125 0.28125
0 0.3890625 0.5739583333333333 0.2984375 0.26666666666666666
10 0.34453125 0.7916666666666666 0.265625 0.26875
6 0.36328125 0.66875 0.0484375 0.052083333333333336
12 0.1328125 0.5125 0.0375 0.18125
9 0.03984375 0.5177083333333333 0.046875 0.1375
12 0.06796875 0.49895833333333334 0.0453125 0.19375
12 0.21640625 0.365625 0.0296875 0.13958333333333334
12 0.47890625 0.3770833333333333 0.0359375 0.10833333333333334
12 0.88984375 0.5916666666666667 0.04375 0.14583333333333334
12 0.94609375 0.5833333333333334 0.040625 0.12916666666666668