15 0.528125 0.6427083333333333 0.08125 0.21041666666666667
6 0.515625 0.5677083333333334 0.03125 0.03958333333333333
4 0.6625 0.425 0.2234375 0.17083333333333334
14 0.15546875 0.675 0.1515625 0.12916666666666668
15 0.4765625 0.33958333333333335 0.0390625 0.11875
12 0.66953125 0.79375 0.059375 0.22291666666666668
14 0.19609375 0.5916666666666667 0.1265625 0.10208333333333333
9 0.84609375 0.784375 0.1625 0.15416666666666667
14 0.84296875 0.684375 0.14375 0.14166666666666666
14 0.778125 0.553125 0.1265625 0.11875
9 0.1 0.9229166666666667 0.184375 0.12708333333333333