15 0.575 0.38958333333333334 0.0625 0.22708333333333333
9 0.1546875 0.5708333333333333 0.1578125 0.14791666666666667
14 0.08125 0.7427083333333333 0.1625 0.19166666666666668
14 0.9125 0.5854166666666667 0.1734375 0.3145833333333333
12 0.3625 0.896875 0.115625 0.20625
14 0.79375 0.5510416666666667 0.1734375 0.2791666666666667
0 0.43203125 0.12604166666666666 0.0953125 0.14791666666666667
0 0.57265625 0.12604166666666666 0.0859375 0.14791666666666667
12 0.4625 0.9010416666666666 0.084375 0.19791666666666666
0 0.0171875 0.6791666666666667 0.034375 0.21666666666666667
14 0.77890625 0.328125 0.1484375 0.1375